-19 16 0 0 0 1090201787
-20 15 8 0 0 1090201731
-21 15 3 0 0 1090201714
-21 14 12 0 0 1090200801
-22 14 3 0 0 1090200767
-22 13 12 0 0 1090200751
-23 13 3 0 0 1090200736
-23 12 12 0 0 1090200700
-24 12 3 0 0 1090200667
-24 11 12 0 0 1090200651
-25 11 3 0 0 1090200619
-25 10 12 0 0 1090200601
-26 9 13 0 0 1090200552
-26 8 13 0 0 1090200517
-26 7 13 0 0 1090200466
-26 10 3 0 0 1090199565
-27 9 3 0 0 1090199479
-27 8 15 0 0 1090199458
-27 7 15 0 0 1090199396
-28 8 3 0 0 1090198397
-28 7 7 0 0 1090198351
-19 7 15 0 0 1090192480
-22 7 15 0 0 1090187615
-21 7 15 0 0 1090187579
-20 7 15 0 0 1090187531
-20 8 15 0 0 1090187495
-19 8 15 0 0 1090187431
-23 7 3 0 0 1090185213
-22 8 3 0 0 1090185146
-21 8 11 0 0 1090185114
-20 9 3 0 0 1090185080
-19 9 11 0 0 1090185013
-18 17 2 0 0 1090201850
-18 7 15 0 0 1090192463
-18 8 15 0 0 1090187308
-18 9 15 0 0 1090184946
-18 10 3 0 0 1090184930
-17 18 3 0 0 1090201900
-17 17 12 0 0 1090201884
-17 7 12 0 0 1090193763
-17 8 15 0 0 1090192383
-17 10 11 0 0 1090184863
-17 9 15 0 0 1090178967
-26 6 13 0 0 1090200384
-27 6 15 0 0 1090199346
-28 6 7 0 0 1090198264
-20 6 15 0 0 1090192686
-19 6 14 0 0 1090192552
-21 6 15 0 0 1090188484
-23 6 15 0 0 1090187684
-22 6 15 0 0 1090187664
-24 6 3 0 0 1090185281
-18 6 13 0 0 1090195029
-25 5 11 0 0 1090200300
-26 5 15 0 0 1090199294
-28 5 6 0 0 1090198213
-27 5 15 0 0 1090198163
-20 5 12 0 0 1090191533
-22 5 15 0 0 1090188530
-21 5 15 0 0 1090188498
-24 5 15 0 0 1090187785
-23 5 15 0 0 1090187731
-27 4 6 0 0 1090198098
-26 4 14 0 0 1090198050
-25 4 14 0 0 1090197977
-19 4 3 0 0 1090191585
-21 4 12 0 0 1090190602
-23 4 15 0 0 1090189663
-22 4 14 0 0 1090188596
-24 4 15 0 0 1090187846
-18 5 5 0 0 1090195136
-18 4 15 0 0 1090195154
-18 3 14 0 0 1090194182
-19 3 15 0 0 1090191617
-20 3 3 0 0 1090190649
-23 3 13 0 0 1090189714
-24 3 6 0 0 1090187931
-17 4 9 0 0 1090195215
-17 3 13 0 0 1090196064
-17 2 6 0 0 1090196138
-19 2 13 0 0 1090191664
-20 2 7 0 0 1090190681
-22 2 9 0 0 1090189755
-23 2 7 0 0 1090189738
-18 1 9 0 0 1090191719
-19 1 15 0 0 1090191680
-20 1 6 0 0 1090190714
-22 1 13 0 0 1090189783
-23 1 7 0 0 1090188700
-12 20 10 0 0 1090202069
-13 20 2 0 0 1090202036
-14 19 8 0 0 1090202021
-15 19 10 0 0 1090201988
-16 18 12 0 0 1090201938
-16 19 3 0 0 1090201052
-16 8 14 0 0 1090187163
-15 8 14 0 0 1090187063
-13 10 11 0 0 1090186463
-16 10 11 0 0 1090184797
-15 10 11 0 0 1090184714
-14 10 11 0 0 1090184647
-14 8 12 0 0 1090182113
-14 9 15 0 0 1090182096
-13 9 14 0 0 1090182079
-16 9 15 0 0 1090178934
-15 9 15 0 0 1090178880
-12 10 15 0 0 1090186446
-12 11 3 0 0 1090186396
-12 9 14 0 0 1090182030
-11 20 10 0 0 1090202101
-11 11 11 0 0 1090186364
-11 9 14 0 0 1090181981
-11 10 15 0 0 1090178696
-10 20 10 0 0 1090202132
-10 11 11 0 0 1090186313
-10 9 14 0 0 1090181930
-10 10 15 0 0 1090178648
-9 20 10 0 0 1090202167
-9 11 11 0 0 1090186263
-9 8 6 0 0 1090183280
-9 9 15 0 0 1090181880
-9 10 15 0 0 1090178580
-8 20 8 0 0 1090202201
-8 11 11 0 0 1090186213
-8 8 14 0 0 1090183235
-8 9 15 0 0 1090181814
-8 10 15 0 0 1090178532
-7 19 0 0 0 1090202241
-7 11 9 0 0 1090186163
-7 8 14 0 0 1090183180
-7 9 15 0 0 1090181746
-7 10 15 0 0 1090178480
-6 8 14 0 0 1090183146
-6 9 15 0 0 1090181648
-6 10 11 0 0 1090178363
-5 19 2 0 0 1090202285
-5 7 6 0 0 1090183913
-5 8 15 0 0 1090183096
-5 10 11 0 0 1090178265
-5 9 15 0 0 1090178248
-4 19 10 0 0 1090202300
-4 7 14 0 0 1090183815
-4 10 11 0 0 1090169598
-4 9 15 0 0 1090169296
-4 8 15 0 0 1090169263
-16 2 8 0 0 1090196350
-5 2 3 0 0 1091115269
-4 2 8 0 0 1091115236
-3 18 6 0 0 1090202337
-3 19 9 0 0 1090202317
-3 8 15 0 0 1090169998
-3 9 13 0 0 1090169898
-3 10 9 0 0 1090169730
-3 7 14 0 0 1090169133
-9 1 2 0 0 1091115908
-8 1 10 0 0 1091115773
-7 1 11 0 0 1091115654
-6 1 10 0 0 1091115538
-5 1 12 0 0 1091115371
-11 -12 3 0 2 1262022528
-18 0 13 0 0 1090191770
-19 0 7 0 0 1090190754
-22 0 13 0 0 1090189813
-23 0 7 0 0 1090188715
-17 -1 8 0 0 1090191830
-18 -1 15 0 0 1090190864
-19 -1 6 0 0 1090190769
-21 -1 9 0 0 1090189905
-22 -1 15 0 0 1090189863
-23 -1 7 0 0 1090188764
-18 -2 4 0 0 1090190880
-20 -2 8 0 0 1090189969
-21 -2 14 0 0 1090189938
-22 -2 14 0 0 1090188818
-23 -2 6 0 0 1090188779
-21 -5 11 0 0 1090175931
-22 -5 2 0 0 1090175897
-20 -5 11 0 0 1090175679
-19 -5 10 0 0 1090175663
-18 -5 10 0 0 1090175629
-17 -5 11 0 0 1090175546
-16 -5 11 0 0 1090175349
-16 -6 14 0 0 1090176414
-17 -6 6 0 0 1090176379
-20 -6 13 0 0 1090176046
-21 -6 6 0 0 1090175979
-18 -7 8 0 0 1090176349
-19 -7 10 0 0 1090176314
-20 -7 7 0 0 1090176098
-15 -5 11 0 0 1090175320
-15 -6 14 0 0 1090176464
-20 -8 4 0 0 1090176265
-14 -5 11 0 0 1090175280
-14 -6 14 0 0 1090176497
-13 -5 11 0 0 1090175230
-13 -6 15 0 0 1090176515
-13 -7 5 0 0 1090173713
-13 -8 7 0 0 1090159013
-13 -9 5 0 0 1090159047
-12 -7 0 0 1 1232122715
-12 -9 2 0 1 1232119308
-12 -5 11 0 0 1090175197
-12 -6 14 0 0 1090176564
-12 -8 10 0 0 1090158979
-13 -10 6 0 0 1090159157
-12 -10 8 0 0 1090159185
-11 -9 11 0 1 1232119169
-11 0 3 0 0 1091116074
-11 -1 5 0 0 1091116240
-11 -2 6 0 0 1091116288
-11 -5 11 0 0 1090175147
-11 -6 15 0 0 1090176597
-11 -7 7 0 0 1090176630
-11 -8 12 0 0 1090158948
-11 -10 6 0 1 1232118943
-11 -11 2 0 0 1090159227
-10 0 8 0 0 1091116020
-10 -2 10 0 0 1091116487
-9 -2 10 0 0 1091116657
-8 -1 3 0 0 1091116925
-8 -2 12 0 0 1091116788
-10 -5 11 0 0 1090175097
-9 -5 11 0 0 1090175029
-8 -5 11 0 0 1090175000
-7 0 5 0 0 1091117471
-7 -1 12 0 0 1091117070
-7 -4 3 0 0 1090173963
-7 -5 15 0 0 1090174914
-10 -6 15 0 0 1090173813
-9 -6 15 0 0 1090173229
-8 -6 15 0 0 1090173213
-7 -6 15 0 0 1090173147
-7 -7 14 0 0 1090176813
-8 -7 14 0 0 1090176752
-9 -7 14 0 0 1090176718
-10 -7 14 0 0 1090176664
-6 -4 11 0 0 1090173998
-6 -5 15 0 0 1090174814
-6 -6 15 0 0 1090173063
-6 -7 14 0 0 1090176879
-5 -3 3 0 0 1090174046
-5 -4 15 0 0 1090174662
-5 -5 15 0 0 1090174746
-5 -6 15 0 0 1090176929
-5 -7 12 0 0 1090176897
-4 -2 3 0 0 1090174170
-4 -7 3 0 1 1232117531
-4 -3 15 0 0 1090174629
-4 -4 15 0 0 1090174646
-4 -5 15 0 0 1090176980
-4 -6 12 0 0 1090176963
-3 -1 3 0 0 1090174280
-3 -2 15 0 0 1090174581
-3 -3 15 0 0 1090174615
-3 -7 15 0 1 1232112567
-3 -6 3 0 1 1232112567
-3 -4 15 0 0 1090177029
-3 -5 12 0 0 1090176998
-10 -12 11 0 2 1262022528
-9 -12 11 0 2 1262022528
-8 -12 11 0 2 1262022528
-7 -12 11 0 2 1262022528
-6 -12 11 0 2 1262022528
-5 -12 11 0 2 1262022528
-4 -12 11 0 2 1262022528
-3 -12 11 0 2 1262022528
-7 -8 11 0 1 1232121938
-6 -8 11 0 1 1232121750
-5 -8 11 0 1 1232121635
-5 -9 15 0 1 1232121570
-6 -9 15 0 1 1232121173
-7 -9 15 0 1 1232120915
-8 -8 11 0 1 1232120818
-8 -9 15 0 1 1232120726
-9 -9 15 0 1 1232120661
-9 -8 11 0 1 1232120182
-10 -8 3 0 1 1232120144
-10 -9 15 0 1 1232120008
-4 -9 15 0 1 1232117735
-4 -8 15 0 1 1232117666
-10 -10 14 0 1 1232118911
-9 -10 14 0 1 1232118647
-8 -10 14 0 1 1232118475
-7 -10 14 0 1 1232118373
-6 -10 14 0 1 1232118242
-5 -10 14 0 1 1232118178
-4 -10 14 0 1 1232117908
-5 -11 10 0 0 1090163313
-9 -11 10 0 0 1090163146
-10 -11 10 0 0 1090159317
-8 -11 10 0 0 1090159387
-7 -11 10 0 0 1090159415
-6 -11 10 0 0 1090159449
-4 -11 10 0 0 1090159515
-3 -9 15 0 1 1232112567
-3 -8 15 0 1 1232112567
-3 -10 14 0 1 1232112567
-3 -11 10 0 0 1090163381
3 -1 12 0 1 1232127255
3 0 9 0 1 1232126632
2 0 7 0 1 1232126138
2 1 1 0 1 1232125771
2 -1 14 0 1 1232124069
1 -1 2 0 1 1232123999
0 17 0 0 0 1090202581
-1 18 8 0 0 1090202410
-2 18 10 0 0 1090202369
-2 8 11 0 0 1090170063
-2 7 14 0 0 1090169096
-1 7 15 0 0 1090170096
-1 8 9 0 0 1090170079
0 7 9 0 0 1090170263
-1 6 6 0 0 1090169031
0 6 15 0 0 1090170310
1 6 11 0 0 1090170345
2 6 9 0 0 1090170413
0 5 6 0 0 1090168964
1 5 15 0 0 1090168930
2 5 15 0 0 1090170480
3 5 9 0 0 1090170497
1 4 6 0 0 1090168914
2 4 15 0 0 1090168900
3 4 13 0 0 1090170580
2 3 7 0 0 1090168864
3 3 15 0 0 1090172396
0 2 3 0 0 1090177562
1 2 11 0 0 1090172450
2 2 14 0 0 1090172430
3 2 15 0 0 1090172297
0 1 7 0 0 1090177532
1 1 13 0 0 1090172466
3 1 6 0 0 1090168813
-1 0 3 0 0 1090177396
0 0 15 0 0 1090177430
1 0 12 0 0 1090172483
-2 -1 11 0 0 1090174546
-1 -1 15 0 0 1090177279
0 -1 13 0 0 1090172563
-2 -2 15 0 0 1090177211
-1 -2 14 0 0 1090172664
0 -2 14 0 0 1090158582
1 -2 10 0 0 1090158566
2 -2 10 0 0 1090158550
3 -2 10 0 0 1090158534
4 3 9 0 0 1090170680
4 2 13 0 0 1090172261
4 1 13 0 0 1090172218
4 0 7 0 0 1090172128
4 -1 7 0 0 1090170946
4 -2 15 0 0 1090168730
-1 -3 3 0 1 1232110427
0 -3 11 0 1 1232110427
1 -3 11 0 1 1232110427
2 -3 11 0 1 1232110427
3 -3 9 0 1 1232110427
4 -3 7 0 0 1231134872
-2 -3 13 0 0 1090177157
5 0 9 0 0 1090172093
5 -1 13 0 0 1090172046
5 -2 15 0 0 1090172017
5 -3 15 0 0 1090171947
-1 -4 7 0 1 1232110427
0 -4 15 0 1 1232110427
1 -4 15 0 1 1232110427
2 -4 15 0 1 1232110427
3 -4 13 0 1 1232110427
4 -4 7 0 0 1231134960
-2 -4 12 0 0 1090177047
5 -4 15 0 0 1090168646
39 8 0 0 0 1091076997
11 9 2 0 0 1090157882
12 9 8 0 0 1090157981
13 8 0 0 0 1090158001
14 7 2 0 0 1090158014
15 7 8 0 0 1090158032
16 6 1 0 0 1090158050
16 5 5 0 0 1090158066
16 4 4 0 0 1090158117
17 3 1 0 0 1090158150
17 2 5 0 0 1090158164
20 1 8 0 0 1090953699
19 1 3 0 0 1090953681
17 1 4 0 0 1090158197
19 0 5 0 0 1090953401
16 0 1 0 0 1090158234
19 -1 5 0 0 1090953332
16 -1 12 0 0 1090158266
15 -1 3 0 0 1090158315
6 -2 11 0 0 1090158501
7 -2 8 0 0 1090158484
19 -2 4 0 0 1090953256
15 -2 12 0 0 1090158332
14 -2 10 0 0 1090158367
13 -2 10 0 0 1090158401
12 -2 10 0 0 1090158417
11 -2 10 0 0 1090158433
10 -2 10 0 0 1090158452
9 -2 2 0 0 1090158465
6 -3 13 0 0 1090171914
7 -3 2 0 1 1232128368
11 -3 9 0 1 1232128734
10 -3 11 0 1 1232128633
9 -3 11 0 1 1232128536
8 -3 11 0 1 1232128500
20 -3 2 0 0 1090953188
21 -3 8 0 0 1090951784
6 -4 15 0 0 1090171879
7 -4 9 0 0 1090171829
11 -4 15 0 1 1232130648
10 -4 15 0 1 1232130553
9 -4 15 0 1 1232130319
8 -4 7 0 1 1232130284
13 -4 9 0 1 1232129074
12 -4 11 0 1 1232128833
18 -4 11 0 0 1231117841
17 -4 11 0 0 1231117754
16 -4 11 0 0 1231117654
15 -4 11 0 0 1231117290
14 -4 3 0 0 1231117245
19 -4 9 0 0 1231116213
22 -4 1 0 0 1090951867
-2 -12 11 0 2 1262022528
-1 -12 11 0 2 1262022528
0 -12 11 0 2 1262022528
1 -12 9 0 2 1262022528
-2 -7 15 0 1 1232114761
-2 -6 15 0 1 1232114761
-2 -5 3 0 1 1232114761
-1 -7 15 0 1 1232114761
-1 -6 15 0 1 1232114761
-1 -5 15 0 1 1232114761
0 -5 15 0 1 1232110427
1 -5 15 0 1 1232110427
2 -5 15 0 1 1232110427
3 -5 13 0 1 1232110427
4 -5 7 0 0 1231135032
5 -5 15 0 0 1090168564
0 -7 15 0 1 1232110427
0 -6 15 0 1 1232110427
1 -7 15 0 1 1232110427
1 -6 15 0 1 1232110427
2 -7 15 0 1 1232110427
2 -6 15 0 1 1232110427
3 -7 13 0 1 1232110427
3 -6 13 0 1 1232110427
4 -6 7 0 0 1231135171
5 -6 15 0 0 1090168530
4 -7 7 0 0 1231135311
5 -7 15 0 0 1090171647
6 -5 15 0 0 1090171731
6 -6 15 0 0 1090171681
6 -7 15 0 0 1090171496
7 -5 13 0 0 1090171814
7 -6 15 0 0 1231109301
7 -7 15 0 0 1090165096
-2 -9 15 0 1 1232114761
-2 -8 15 0 1 1232114761
-1 -9 15 0 1 1232114761
-1 -8 15 0 1 1232114761
0 -9 15 0 1 1232110427
0 -8 15 0 1 1232110427
1 -9 15 0 1 1232110427
1 -8 15 0 1 1232110427
2 -9 15 0 1 1232110427
2 -8 15 0 1 1232110427
3 -9 13 0 1 1232110427
3 -8 13 0 1 1232110427
4 -8 7 0 0 1231135397
5 -8 15 0 0 1090165946
4 -9 7 0 0 1231135486
5 -9 15 0 0 1090164850
6 -8 15 0 0 1090165897
6 -9 15 0 0 1090164816
7 -8 15 0 0 1090165764
7 -9 15 0 0 1090164783
-2 -10 14 0 1 1232114761
-1 -10 14 0 1 1232114761
0 -10 14 0 1 1232110427
1 -10 14 0 1 1232110427
2 -10 14 0 1 1232110427
3 -10 12 0 1 1232110427
4 -10 7 0 0 1231135677
5 -10 15 0 0 1090163667
6 -10 15 0 0 1090163697
7 -10 15 0 0 1090163713
-2 -11 10 0 0 1090159561
-1 -11 10 0 0 1090159580
0 -11 10 0 0 1090163480
1 -11 10 0 0 1090159631
2 -11 10 0 0 1090159648
3 -11 10 0 0 1090163601
4 -11 14 0 0 1090159681
5 -11 14 0 0 1090159713
6 -11 14 0 0 1090159730
7 -11 14 0 0 1090159748
2 -12 2 2 1 1232226878
3 -12 11 2 1 1232226635
4 -12 11 2 1 1232226525
5 -12 11 2 1 1232226439
6 -12 11 2 1 1232226381
7 -12 11 2 1 1232226286
8 -5 6 0 1 1232129947
9 -5 14 0 1 1232129801
10 -5 14 0 1 1232129731
11 -5 14 0 1 1232129627
12 -5 14 0 1 1232129523
13 -5 12 0 1 1232129447
8 -6 11 0 0 1231109336
9 -6 11 0 0 1231109371
14 -5 7 0 0 1231116951
15 -5 15 0 0 1231116925
18 -5 15 0 0 1231113397
19 -5 13 0 0 1231113360
17 -5 15 0 0 1231113010
16 -5 15 0 0 1231112958
21 -5 2 0 0 1090952129
22 -5 12 0 0 1090951999
10 -6 11 0 0 1231109405
11 -6 11 0 0 1231109457
19 -6 13 0 0 1231113343
18 -6 15 0 0 1231113064
17 -6 15 0 0 1231112276
16 -6 15 0 0 1231112171
15 -6 15 0 0 1231112119
14 -6 15 0 0 1231109669
13 -6 11 0 0 1231109580
12 -6 11 0 0 1231109527
8 -7 15 0 0 1090165114
9 -7 15 0 0 1090165130
10 -7 15 0 0 1090165147
11 -7 15 0 0 1090165164
19 -7 13 0 0 1231112590
18 -7 15 0 0 1231112398
17 -7 15 0 0 1231112293
16 -7 15 0 0 1231111662
15 -7 15 0 0 1231109791
12 -7 15 0 0 1090165513
13 -7 15 0 0 1090165479
14 -7 15 0 0 1090165446
8 -8 15 0 0 1090165679
9 -8 15 0 0 1090165616
10 -8 15 0 0 1090165581
11 -8 15 0 0 1090165546
19 -8 13 0 0 1231112537
17 -8 15 0 0 1231111610
18 -8 15 0 0 1231111523
15 -8 15 0 0 1231110122
16 -8 15 0 0 1231110001
14 -8 15 0 0 1090165280
13 -8 15 0 0 1090165196
12 -8 15 0 0 1090165179
8 -9 15 0 0 1090167979
9 -9 15 0 0 1090166547
10 -9 15 0 0 1090166663
11 -9 15 0 0 1090166812
19 -9 13 0 0 1231114561
18 -9 15 0 0 1231111487
17 -9 15 0 0 1231110596
16 -9 15 0 0 1231110420
15 -9 15 0 0 1231110262
12 -9 15 0 0 1090167562
13 -9 15 0 0 1090164752
14 -9 15 0 0 1090164550
8 -10 15 0 0 1090163749
9 -10 15 0 0 1090163781
10 -10 15 0 0 1090163846
11 -10 15 0 0 1090163951
14 -10 15 0 0 1090164446
13 -10 15 0 0 1090164046
12 -10 15 0 0 1090164013
19 -10 13 0 0 1231114708
18 -10 15 0 0 1231111400
17 -10 15 0 0 1231111208
16 -10 15 0 0 1231111122
15 -10 15 0 0 1090164413
8 -11 14 0 0 1090159766
9 -11 15 0 0 1090159798
10 -11 15 0 0 1090159814
11 -11 15 0 0 1231099953
12 -11 15 0 0 1090159864
13 -11 14 0 0 1090159885
14 -11 14 0 0 1090159899
15 -11 14 0 0 1090160095
19 -11 12 0 0 1231115338
18 -11 14 0 0 1231115146
17 -11 14 0 0 1231115075
16 -11 14 0 0 1231110980
8 -12 9 2 1 1232226193
9 -12 7 0 0 1231087459
10 -12 15 0 0 1231098258
11 -12 15 0 0 1231099848
12 -12 13 0 0 1231102071
-1 -15 6 0 2 1262028580
-11 -14 6 0 2 1262022528
-11 -13 7 0 2 1262022528
-10 -14 14 0 2 1262022528
-10 -13 15 0 2 1262022528
-9 -14 14 0 2 1262022528
-9 -13 15 0 2 1262022528
-8 -14 14 0 2 1262022528
-8 -13 15 0 2 1262022528
-7 -14 14 0 2 1262022528
-7 -13 15 0 2 1262022528
-6 -14 14 0 2 1262022528
-6 -13 15 0 2 1262022528
-5 -14 14 0 2 1262022528
-5 -13 15 0 2 1262022528
-4 -14 14 0 2 1262022528
-4 -13 15 0 2 1262022528
-3 -14 14 0 2 1262022528
-3 -13 15 0 2 1262022528
-2 -14 14 0 2 1262022528
-2 -13 15 0 2 1262022528
-1 -14 15 0 2 1262022528
-1 -13 15 0 2 1262022528
-3 -15 10 0 0 1091130159
-4 -15 10 0 0 1091128153
-5 -15 2 0 0 1091127719
-6 -16 0 0 0 1091126987
-2 -15 8 0 0 1091130807
-1 -16 0 0 0 1091131653
-7 -17 0 0 0 1091126470
-5 -18 1 0 0 1091133570
-2 -18 1 0 0 1091135020
-5 -19 4 0 0 1091134052
-2 -19 4 0 0 1091135406
0 -16 6 0 2 1262029270
0 -15 15 0 2 1262028452
0 -14 15 0 2 1262022528
0 -13 15 0 2 1262022528
0 -17 0 0 0 1091132219
0 -18 2 0 2 1262030924
0 -19 3 2 1 1232216280
0 -20 5 2 1 1232213722
0 -21 6 2 1 1232213419
0 -23 3 2 1 1232209241
0 -24 4 2 1 1232209215
4 -19 3 0 2 1262033888
5 -19 11 0 2 1262033720
1 -17 7 0 2 1262030615
2 -17 13 0 2 1262029849
2 -16 13 0 2 1262029601
1 -16 15 0 2 1262029460
5 -15 12 0 2 1262027788
4 -15 6 0 2 1262027570
3 -14 10 0 2 1262027048
4 -14 11 0 2 1262026779
5 -14 11 0 2 1262026633
6 -14 8 0 2 1262026520
1 -15 15 0 2 1262023870
1 -14 15 0 2 1262023870
1 -13 15 0 2 1262023870
2 -15 13 0 2 1262023870
2 -14 15 0 2 1262023870
2 -13 9 0 2 1262023870
3 -13 6 2 1 1232227171
3 -15 1 2 1 1232217474
3 -16 7 2 1 1232217367
3 -17 7 2 1 1232217223
7 -13 15 2 1 1232227578
6 -13 14 2 1 1232227409
5 -13 14 2 1 1232227329
4 -13 14 2 1 1232227237
7 -14 7 2 1 1232224147
7 -15 15 2 1 1232223651
6 -15 3 2 1 1232223394
7 -16 13 2 1 1232220875
7 -17 12 2 1 1232220712
6 -16 15 2 1 1232220145
6 -17 15 2 1 1232220011
5 -16 11 2 1 1232219472
5 -17 15 2 1 1232219275
4 -16 11 2 1 1232218802
4 -17 15 2 1 1232218653
6 -19 11 0 2 1262033621
7 -19 15 0 2 1262033537
7 -18 3 0 2 1262033373
7 -20 14 0 2 1262032268
6 -20 14 0 2 1262032058
5 -20 14 0 2 1262031938
4 -20 14 0 2 1262031871
3 -20 10 0 2 1262031780
2 -20 10 0 2 1262031701
1 -20 2 0 2 1262031637
1 -18 14 0 2 1262030280
2 -18 12 0 2 1262029975
1 -19 10 2 1 1232213944
1 -21 10 2 1 1232213278
2 -19 10 2 1 1232214008
2 -21 9 2 1 1232213078
1 -23 10 2 1 1232209654
2 -22 7 2 1 1232209913
2 -23 13 2 1 1232212326
2 -24 5 2 1 1232230220
3 -18 7 2 1 1232217132
3 -19 12 2 1 1232214071
3 -22 10 2 1 1232210180
6 -18 12 2 1 1232220563
5 -18 14 2 1 1232219170
4 -18 14 2 1 1232218481
7 -21 11 2 1 1232211247
6 -21 10 2 1 1232210852
5 -21 10 2 1 1232210589
4 -21 3 2 1 1232210413
5 -23 2 2 1 1232233133
6 -23 10 2 1 1232232864
7 -22 5 2 1 1232231988
7 -23 13 2 1 1232231961
4 -22 12 2 1 1232210356
7 -24 5 2 1 1232231652
-122 -65 0 0 0 1266721366
-1 -31 15 2 1 1232255332
-2 -31 11 2 1 1232255295
-3 -31 11 2 1 1232255191
-4 -31 11 2 1 1232255123
-5 -31 11 2 1 1232255083
-6 -31 3 2 1 1232255017
-3 -32 15 2 1 1232254624
-2 -32 15 2 1 1232254518
-1 -32 15 2 1 1232254416
-1 -33 14 2 1 1232254384
-2 -33 14 2 1 1232253992
-3 -33 14 2 1 1232253891
-4 -33 14 2 1 1232253849
-4 -32 15 2 1 1232253414
-5 -32 15 2 1 1232253379
-6 -32 7 2 1 1232253343
-5 -33 14 2 1 1232253170
-6 -33 14 2 1 1232253005
-7 -33 10 2 1 1232252875
-8 -33 10 2 1 1232252707
-9 -33 2 2 1 1232252471
-1 -30 3 2 1 1232236154
0 -29 3 2 1 1232239936
0 -31 15 2 1 1232236330
0 -30 15 2 1 1232236007
0 -33 14 2 1 1232254309
0 -32 15 2 1 1232252122
2 -25 7 2 1 1232230274
3 -25 11 2 1 1232230464
7 -25 14 2 1 1232230798
6 -25 10 2 1 1232230688
5 -25 10 2 1 1232230576
4 -25 10 2 1 1232230520
1 -26 3 2 1 1232239346
2 -26 15 2 1 1232235589
1 -27 7 2 1 1232239267
2 -27 15 2 1 1232235616
3 -26 13 2 1 1232238080
7 -26 3 0 0 1231313820
3 -27 13 2 1 1232237730
7 -27 12 0 0 1231313453
6 -27 3 0 0 1231312560
1 -28 7 2 1 1232239115
1 -29 15 2 1 1232238888
1 -31 15 2 1 1232236687
1 -30 15 2 1 1232235977
2 -28 15 2 1 1232237357
2 -29 13 2 1 1232237296
2 -30 13 2 1 1232237144
2 -31 13 2 1 1232236797
7 -28 2 2 1 1232250265
6 -30 1 2 1 1232249536
6 -31 4 2 1 1232249323
3 -28 12 2 1 1232237467
6 -28 5 0 0 1231312455
7 -29 9 0 0 1231311392
6 -29 14 0 0 1231310986
5 -29 3 0 0 1231310636
5 -30 5 0 0 1231310583
4 -31 3 0 0 1231303360
5 -31 13 0 0 1231303249
7 -31 5 0 0 1231302526
7 -30 7 0 0 1231302072
1 -32 15 2 1 1232236656
2 -32 13 2 1 1232251727
7 -32 12 0 0 1231307537
4 -32 7 0 0 1231303933
5 -32 15 0 0 1231302830
6 -32 11 0 0 1231302764
1 -33 14 2 1 1232242315
2 -34 7 2 1 1232243682
2 -37 6 2 1 1232242591
2 -36 7 2 1 1232242561
2 -35 7 2 1 1232242497
2 -33 13 2 1 1232242347
7 -33 0 2 1 1232246704
7 -36 11 2 1 1232246036
6 -36 11 2 1 1232245825
5 -36 15 2 1 1232245712
5 -35 13 2 1 1232245678
5 -34 9 2 1 1232245506
4 -34 11 2 1 1232245476
3 -34 11 2 1 1232244620
4 -35 15 2 1 1232244517
6 -37 15 2 1 1232244334
7 -37 12 2 1 1232244301
3 -35 15 2 1 1232243527
3 -36 15 2 1 1232243443
4 -36 15 2 1 1232243412
4 -37 15 2 1 1232243378
5 -37 15 2 1 1232243351
6 -38 13 2 1 1232243259
7 -39 8 2 1 1232243165
6 -39 14 2 1 1232242794
5 -39 6 2 1 1232242741
5 -38 15 2 1 1232242707
4 -38 14 2 1 1232242679
3 -38 6 2 1 1232242651
3 -37 15 2 1 1232242620
7 -34 10 0 0 1231304636
6 -34 6 0 0 1231304422
6 -33 13 0 0 1231304386
5 -33 14 0 0 1231304230
4 -33 6 0 0 1231303949
8 -20 12 0 2 1262034384
8 -16 1 0 2 1262032954
8 -17 5 0 2 1262032770
8 -18 13 0 2 1262032604
8 -19 13 0 2 1262032451
8 -13 13 2 1 1232225921
8 -15 12 2 1 1232224922
8 -14 13 2 1 1232224395
8 -21 8 2 1 1232211453
8 -25 8 2 1 1232230946
8 -26 10 0 0 1231314137
8 -27 1 2 1 1232250731
9 -13 7 0 0 1231087481
9 -14 7 0 0 1231087510
9 -15 7 0 0 1231087526
9 -16 7 0 0 1231087561
9 -17 7 0 0 1231087579
9 -18 7 0 0 1231087631
9 -19 7 0 0 1231089504
9 -20 7 0 0 1231089577
9 -21 7 0 0 1231089609
9 -22 7 0 0 1231089662
9 -23 7 0 0 1231089714
9 -24 7 0 0 1231089806
9 -25 7 0 0 1231089843
9 -26 15 0 0 1231091903
9 -27 7 0 0 1231129655
10 -13 15 0 0 1231098291
10 -14 15 0 0 1231098329
10 -15 15 0 0 1231098343
10 -16 15 0 0 1231103770
10 -17 15 0 0 1231098380
10 -18 15 0 0 1231103614
10 -19 15 0 0 1231103499
10 -20 15 0 0 1231103437
10 -21 15 0 0 1231093968
10 -22 15 0 0 1231094475
10 -23 15 0 0 1231094423
10 -24 15 0 0 1231093146
10 -25 15 0 0 1231092901
10 -26 15 0 0 1231091920
10 -27 15 0 0 1231091954
11 -13 15 0 0 1231099813
11 -14 15 0 0 1231099778
11 -15 15 0 0 1231099726
11 -16 15 0 0 1231103839
11 -17 15 0 0 1231103962
11 -18 15 0 0 1231104154
11 -19 15 0 0 1231103299
11 -20 15 0 0 1231103156
11 -21 15 0 0 1231102948
11 -22 15 0 0 1231094510
11 -23 15 0 0 1231094547
11 -24 15 0 0 1231094579
11 -25 15 0 0 1231093636
11 -26 15 0 0 1231093602
12 -13 13 0 0 1231102124
12 -14 13 0 0 1231102159
12 -15 13 0 0 1231102230
12 -16 15 0 0 1231102299
12 -17 13 0 0 1231102370
12 -18 13 0 0 1231102405
12 -19 13 0 0 1231102474
12 -20 13 0 0 1231102596
12 -21 13 0 0 1231102876
12 -22 13 0 0 1231095157
12 -23 15 0 0 1231095053
12 -24 13 0 0 1231095018
12 -25 13 0 0 1231094965
12 -26 13 0 0 1231094913
11 -27 15 0 0 1231093199
12 -27 13 0 0 1231093565
13 -16 10 9 0 1231468279
13 -23 10 9 0 1231461972
14 -16 10 9 0 1231468142
14 -19 3 9 0 1231464654
14 -20 5 9 0 1231464483
14 -21 5 9 0 1231463791
14 -22 5 9 0 1231463239
14 -23 12 9 0 1231462687
14 -26 3 0 0 1231204796
14 -27 5 0 0 1231204691
15 -16 12 9 0 1231467665
15 -15 3 9 0 1231467408
15 -19 10 9 0 1231464890
15 -26 10 0 0 1231205063
16 -15 10 9 0 1231467135
17 -15 10 9 0 1231466906
18 -15 9 9 0 1231466703
18 -16 6 9 0 1231466680
19 -16 9 9 0 1231466459
19 -17 6 9 0 1231466135
20 -17 9 9 0 1231465933
20 -18 5 9 0 1231465826
20 -19 12 9 0 1231465603
19 -19 10 9 0 1231465580
18 -19 10 9 0 1231465354
17 -19 10 9 0 1231465197
16 -19 10 9 0 1231465053
24 -26 9 0 0 1231293431
23 -26 10 0 0 1231293395
22 -26 14 0 0 1231292958
21 -26 6 0 0 1231292392
21 -25 7 0 0 1231292227
22 -25 13 0 0 1231292013
22 -24 9 0 0 1231291613
21 -24 11 0 0 1231291452
20 -24 10 0 0 1231291155
19 -24 3 0 0 1231290980
19 -25 12 0 0 1231290873
18 -26 5 0 0 1231290175
18 -25 11 0 0 1231289269
17 -25 10 0 0 1231288267
16 -25 3 0 0 1231287969
16 -26 13 0 0 1231205798
16 -27 5 0 0 1231206127
24 -27 5 0 0 1231293868
20 -27 9 0 0 1231197988
19 -27 10 0 0 1231197654
18 -27 7 0 0 1231197059
8 -28 13 2 1 1232250533
8 -29 4 2 1 1232250033
8 -31 1 2 1 1232247236
8 -30 10 0 0 1231301867
8 -32 4 2 1 1232247134
8 -36 8 2 1 1232246099
8 -33 3 0 0 1231309322
8 -34 12 0 0 1231304981
9 -32 7 0 0 1231122954
9 -31 7 0 0 1231122865
9 -30 15 0 0 1231122794
9 -28 7 0 0 1231122444
9 -29 7 0 0 1231122042
9 -33 14 0 0 1231122989
10 -34 6 0 0 1231123145
10 -33 15 0 0 1231123093
10 -29 15 0 0 1231121884
10 -30 15 0 0 1231121762
10 -31 15 0 0 1231121516
10 -32 15 0 0 1231121465
10 -28 15 0 0 1231091990
11 -28 15 0 0 1231092794
12 -28 15 0 0 1231093531
13 -28 10 0 0 1231208105
14 -28 13 0 0 1231207826
11 -35 5 0 0 1231270364
11 -36 6 0 0 1231269979
11 -33 15 0 0 1231123250
11 -34 13 0 0 1231123214
11 -32 15 0 0 1231121429
11 -30 15 0 0 1231093235
11 -29 15 0 0 1231093216
11 -31 15 0 0 1231092657
12 -29 13 0 0 1231093496
14 -29 7 0 0 1231184545
15 -29 11 0 0 1231210869
15 -39 10 0 0 1231272060
14 -39 6 0 0 1231271797
14 -38 5 0 0 1231271430
12 -36 10 0 0 1231269612
13 -36 9 0 0 1231269084
13 -37 6 0 0 1231269067
14 -37 11 0 0 1231268720
15 -37 12 0 0 1231268334
15 -36 3 0 0 1231267847
12 -33 14 0 0 1231123390
12 -32 15 0 0 1231121256
12 -30 15 0 0 1231093477
12 -31 15 0 0 1231093460
13 -30 11 0 0 1231184266
13 -31 15 0 0 1231184160
13 -32 15 0 0 1231184037
13 -33 15 0 0 1231183950
13 -34 6 0 0 1231092445
14 -31 13 0 0 1231185281
14 -32 15 0 0 1231185106
14 -30 15 0 0 1231184616
14 -33 13 0 0 1231183791
14 -35 4 0 0 1231092410
14 -34 15 0 0 1231092184
15 -34 10 0 0 1231188553
15 -32 10 0 0 1231186978
15 -30 14 0 0 1231185631
16 -28 7 0 0 1231202557
16 -29 13 0 0 1231202888
16 -39 10 0 0 1231272393
16 -36 10 0 0 1231267687
16 -34 10 0 0 1231188764
16 -32 10 0 0 1231187117
16 -30 14 0 0 1231185843
17 -28 10 0 0 1231201982
25 -28 9 0 0 1231277928
24 -28 14 0 0 1231277539
23 -28 3 0 0 1231277241
21 -28 9 0 0 1231198394
20 -28 6 0 0 1231198110
18 -28 13 0 0 1231196814
17 -38 3 0 0 1231272978
17 -39 12 0 0 1231272661
17 -36 10 0 0 1231267510
17 -33 5 0 0 1231189586
17 -34 14 0 0 1231189218
17 -32 11 0 0 1231187223
17 -30 10 0 0 1231185962
26 -29 9 0 0 1231278718
25 -29 6 0 0 1231278449
23 -29 13 0 0 1231216875
22 -29 10 0 0 1231216507
21 -29 7 0 0 1231198810
18 -29 5 0 0 1231196534
26 -31 14 0 0 1231279935
27 -31 12 0 0 1231279568
27 -30 9 0 0 1231278885
26 -30 7 0 0 1231278747
25 -36 5 0 0 1231266039
25 -37 12 0 0 1231265653
24 -37 3 0 0 1231265321
24 -38 12 0 0 1231264787
23 -38 10 0 0 1231264533
22 -38 7 0 0 1231264385
21 -37 6 0 0 1231263290
22 -37 9 0 0 1231262844
22 -39 12 0 0 1231261663
21 -39 10 0 0 1231261155
20 -39 6 0 0 1231260787
20 -38 9 0 0 1231260176
19 -38 10 0 0 1231258897
18 -38 14 0 0 1231258495
18 -37 5 0 0 1231258443
18 -36 13 0 0 1231258216
23 -34 10 0 0 1231227183
24 -34 11 0 0 1231226767
24 -35 6 0 0 1231226623
25 -35 13 0 0 1231225817
25 -34 13 0 0 1231225713
25 -33 5 0 0 1231225260
25 -32 5 0 0 1231224944
25 -31 11 0 0 1231224664
24 -31 10 0 0 1231224592
21 -36 5 0 0 1231219970
21 -35 11 0 0 1231219797
22 -35 12 0 0 1231219482
22 -34 7 0 0 1231218747
22 -33 5 0 0 1231218326
22 -32 11 0 0 1231217678
23 -32 12 0 0 1231217538
23 -31 7 0 0 1231217399
23 -30 5 0 0 1231217172
18 -30 14 0 0 1231196224
20 -30 10 0 0 1231195589
21 -30 13 0 0 1231195084
21 -31 5 0 0 1231194626
21 -32 14 0 0 1231194346
20 -32 11 0 0 1231194048
20 -33 5 0 0 1231192736
20 -34 5 0 0 1231192614
20 -35 14 0 0 1231192422
19 -35 10 0 0 1231192089
18 -35 7 0 0 1231191301
18 -34 9 0 0 1231191213
19 -32 10 0 0 1231187661
18 -32 10 0 0 1231187328
19 -30 10 0 0 1231186418
m
0 1 9 8 -6522305 -3156550 -1707131086 -7699598
1 2 2 0 -4500159 -1606807 0 -5403817
2 5 3 0 -4609502 -3486690 -32256 -8158464
3 0 0 0 -8869276 -5332884 -16056321 0
4 0 0 0 -8869276 -5332884 -16056321 0
5 0 0 0 -8869276 -5332884 -16056321 0
6 0 0 0 -8869276 -5332884 -16056321 0
7 0 0 0 -8869276 -5332884 -16056321 0
8 0 0 0 -8869276 -5332884 -16056321 0
9 0 0 0 -8869276 -5332884 -16056321 0
10 0 0 0 -8869276 -5332884 -16056321 0
11 0 0 0 -8869276 -5332884 -16056321 0
12 0 0 0 -8869276 -5332884 -16056321 0
13 0 0 0 -8869276 -5332884 -16056321 0
14 0 0 0 -8869276 -5332884 -16056321 0
15 0 0 0 -8869276 -5332884 -16056321 0
16 0 0 0 -8869276 -5332884 -16056321 0
17 0 0 0 -8869276 -5332884 -16056321 0
18 0 0 0 -8869276 -5332884 -16056321 0
19 0 0 0 -8869276 -5332884 -16056321 0
20 0 0 0 -8869276 -5332884 -16056321 0
21 0 0 0 -8869276 -5332884 -16056321 0
22 0 0 0 -8869276 -5332884 -16056321 0
23 0 0 0 -8869276 -5332884 -16056321 0
24 0 0 0 -8869276 -5332884 -16056321 0
25 0 0 0 -8869276 -5332884 -16056321 0
26 0 0 0 -8869276 -5332884 -16056321 0
27 0 0 0 -8869276 -5332884 -16056321 0
28 0 0 0 -8869276 -5332884 -16056321 0
29 0 0 0 -8869276 -5332884 -16056321 0
30 0 0 0 -8869276 -5332884 -16056321 0
31 0 0 0 -8869276 -5332884 -16056321 0
32 0 0 0 -8869276 -5332884 -16056321 0
33 0 0 0 -8869276 -5332884 -16056321 0
34 0 0 0 -8869276 -5332884 -16056321 0
35 0 0 0 -8869276 -5332884 -16056321 0
36 0 0 0 -8869276 -5332884 -16056321 0
37 0 0 0 -8869276 -5332884 -16056321 0
38 0 0 0 -8869276 -5332884 -16056321 0
39 0 0 0 -8869276 -5332884 -16056321 0
40 0 0 0 -8869276 -5332884 -16056321 0
41 0 0 0 -8869276 -5332884 -16056321 0
42 0 0 0 -8869276 -5332884 -16056321 0
43 0 0 0 -8869276 -5332884 -16056321 0
44 0 0 0 -8869276 -5332884 -16056321 0
45 0 0 0 -8869276 -5332884 -16056321 0
46 0 0 0 -8869276 -5332884 -16056321 0
47 0 0 0 -8869276 -5332884 -16056321 0
48 0 0 0 -8869276 -5332884 -16056321 0
49 0 0 0 -8869276 -5332884 -16056321 0
50 0 0 0 -8869276 -5332884 -16056321 0
51 0 0 0 -8869276 -5332884 -16056321 0
52 0 0 0 -8869276 -5332884 -16056321 0
53 0 0 0 -8869276 -5332884 -16056321 0
54 0 0 0 -8869276 -5332884 -16056321 0
55 0 0 0 -8869276 -5332884 -16056321 0
56 0 0 0 -8869276 -5332884 -16056321 0
57 0 0 0 -8869276 -5332884 -16056321 0
58 0 0 0 -8869276 -5332884 -16056321 0
59 0 0 0 -8869276 -5332884 -16056321 0
60 0 0 0 -8869276 -5332884 -16056321 0
61 0 0 0 -8869276 -5332884 -16056321 0
62 0 0 0 -8869276 -5332884 -16056321 0
63 0 0 0 -8869276 -5332884 -16056321 0
64 0 0 0 -8869276 -5332884 -16056321 0
65 0 0 0 -8869276 -5332884 -16056321 0
66 0 0 0 -8869276 -5332884 -16056321 0
67 0 0 0 -8869276 -5332884 -16056321 0
68 0 0 0 -8869276 -5332884 -16056321 0
69 0 0 0 -8869276 -5332884 -16056321 0
70 0 0 0 -8869276 -5332884 -16056321 0
71 0 0 0 -8869276 -5332884 -16056321 0
72 0 0 0 -8869276 -5332884 -16056321 0
73 0 0 0 -8869276 -5332884 -16056321 0
74 0 0 0 -8869276 -5332884 -16056321 0
75 0 0 0 -8869276 -5332884 -16056321 0
76 0 0 0 -8869276 -5332884 -16056321 0
77 0 0 0 -8869276 -5332884 -16056321 0
78 0 0 0 -8869276 -5332884 -16056321 0
79 0 0 0 -8869276 -5332884 -16056321 0
80 0 0 0 -8869276 -5332884 -16056321 0
81 0 0 0 -8869276 -5332884 -16056321 0
82 0 0 0 -8869276 -5332884 -16056321 0
83 0 0 0 -8869276 -5332884 -16056321 0
84 0 0 0 -8869276 -5332884 -16056321 0
85 0 0 0 -8869276 -5332884 -16056321 0
86 0 0 0 -8869276 -5332884 -16056321 0
87 0 0 0 -8869276 -5332884 -16056321 0
88 0 0 0 -8869276 -5332884 -16056321 0
89 0 0 0 -8869276 -5332884 -16056321 0
90 0 0 0 -8869276 -5332884 -16056321 0
91 0 0 0 -8869276 -5332884 -16056321 0
92 0 0 0 -8869276 -5332884 -16056321 0
93 0 0 0 -8869276 -5332884 -16056321 0
94 0 0 0 -8869276 -5332884 -16056321 0
95 0 0 0 -8869276 -5332884 -16056321 0
96 0 0 0 -8869276 -5332884 -16056321 0
97 0 0 0 -8869276 -5332884 -16056321 0
98 0 0 0 -8869276 -5332884 -16056321 0
99 0 0 0 -8869276 -5332884 -16056321 0
100 0 0 0 -8869276 -5332884 -16056321 0
101 0 0 0 -8869276 -5332884 -16056321 0
102 0 0 0 -8869276 -5332884 -16056321 0
103 0 0 0 -8869276 -5332884 -16056321 0
104 0 0 0 -8869276 -5332884 -16056321 0
105 0 0 0 -8869276 -5332884 -16056321 0
106 0 0 0 -8869276 -5332884 -16056321 0
107 0 0 0 -8869276 -5332884 -16056321 0
108 0 0 0 -8869276 -5332884 -16056321 0
109 0 0 0 -8869276 -5332884 -16056321 0
110 0 0 0 -8869276 -5332884 -16056321 0
111 0 0 0 -8869276 -5332884 -16056321 0
112 0 0 0 -8869276 -5332884 -16056321 0
113 0 0 0 -8869276 -5332884 -16056321 0
114 0 0 0 -8869276 -5332884 -16056321 0
115 0 0 0 -8869276 -5332884 -16056321 0
116 0 0 0 -8869276 -5332884 -16056321 0
117 0 0 0 -8869276 -5332884 -16056321 0
118 0 0 0 -8869276 -5332884 -16056321 0
119 0 0 0 -8869276 -5332884 -16056321 0
120 0 0 0 -8869276 -5332884 -16056321 0
121 0 0 0 -8869276 -5332884 -16056321 0
122 0 0 0 -8869276 -5332884 -16056321 0
123 0 0 0 -8869276 -5332884 -16056321 0
124 0 0 0 -8869276 -5332884 -16056321 0
125 0 0 0 -8869276 -5332884 -16056321 0
126 0 0 0 -8869276 -5332884 -16056321 0
127 0 0 0 -8869276 -5332884 -16056321 0
128 0 0 0 -8869276 -5332884 -16056321 0
129 0 0 0 -8869276 -5332884 -16056321 0
130 0 0 0 -8869276 -5332884 -16056321 0
131 0 0 0 -8869276 -5332884 -16056321 0
132 0 0 0 -8869276 -5332884 -16056321 0
133 0 0 0 -8869276 -5332884 -16056321 0
134 0 0 0 -8869276 -5332884 -16056321 0
135 0 0 0 -8869276 -5332884 -16056321 0
136 0 0 0 -8869276 -5332884 -16056321 0
137 0 0 0 -8869276 -5332884 -16056321 0
138 0 0 0 -8869276 -5332884 -16056321 0
139 0 0 0 -8869276 -5332884 -16056321 0
140 0 0 0 -8869276 -5332884 -16056321 0
141 0 0 0 -8869276 -5332884 -16056321 0
142 0 0 0 -8869276 -5332884 -16056321 0
143 0 0 0 -8869276 -5332884 -16056321 0
144 0 0 0 -8869276 -5332884 -16056321 0
145 0 0 0 -8869276 -5332884 -16056321 0
146 0 0 0 -8869276 -5332884 -16056321 0
147 0 0 0 -8869276 -5332884 -16056321 0
148 0 0 0 -8869276 -5332884 -16056321 0
149 0 0 0 -8869276 -5332884 -16056321 0
150 0 0 0 -8869276 -5332884 -16056321 0
151 0 0 0 -8869276 -5332884 -16056321 0
152 0 0 0 -8869276 -5332884 -16056321 0
153 0 0 0 -8869276 -5332884 -16056321 0
154 0 0 0 -8869276 -5332884 -16056321 0
155 0 0 0 -8869276 -5332884 -16056321 0
156 0 0 0 -8869276 -5332884 -16056321 0
157 0 0 0 -8869276 -5332884 -16056321 0
158 0 0 0 -8869276 -5332884 -16056321 0
159 0 0 0 -8869276 -5332884 -16056321 0
160 0 0 0 -8869276 -5332884 -16056321 0
161 0 0 0 -8869276 -5332884 -16056321 0
162 0 0 0 -8869276 -5332884 -16056321 0
163 0 0 0 -8869276 -5332884 -16056321 0
164 0 0 0 -8869276 -5332884 -16056321 0
165 0 0 0 -8869276 -5332884 -16056321 0
166 0 0 0 -8869276 -5332884 -16056321 0
167 0 0 0 -8869276 -5332884 -16056321 0
168 0 0 0 -8869276 -5332884 -16056321 0
169 0 0 0 -8869276 -5332884 -16056321 0
170 0 0 0 -8869276 -5332884 -16056321 0
171 0 0 0 -8869276 -5332884 -16056321 0
172 0 0 0 -8869276 -5332884 -16056321 0
173 0 0 0 -8869276 -5332884 -16056321 0
174 0 0 0 -8869276 -5332884 -16056321 0
175 0 0 0 -8869276 -5332884 -16056321 0
176 0 0 0 -8869276 -5332884 -16056321 0
177 0 0 0 -8869276 -5332884 -16056321 0
178 0 0 0 -8869276 -5332884 -16056321 0
179 0 0 0 -8869276 -5332884 -16056321 0
180 0 0 0 -8869276 -5332884 -16056321 0
181 0 0 0 -8869276 -5332884 -16056321 0
182 0 0 0 -8869276 -5332884 -16056321 0
183 0 0 0 -8869276 -5332884 -16056321 0
184 0 0 0 -8869276 -5332884 -16056321 0
185 0 0 0 -8869276 -5332884 -16056321 0
186 0 0 0 -8869276 -5332884 -16056321 0
187 0 0 0 -8869276 -5332884 -16056321 0
188 0 0 0 -8869276 -5332884 -16056321 0
189 0 0 0 -8869276 -5332884 -16056321 0
190 0 0 0 -8869276 -5332884 -16056321 0
191 0 0 0 -8869276 -5332884 -16056321 0
192 0 0 0 -8869276 -5332884 -16056321 0
193 0 0 0 -8869276 -5332884 -16056321 0
194 0 0 0 -8869276 -5332884 -16056321 0
195 0 0 0 -8869276 -5332884 -16056321 0
196 0 0 0 -8869276 -5332884 -16056321 0
197 0 0 0 -8869276 -5332884 -16056321 0
198 0 0 0 -8869276 -5332884 -16056321 0
199 0 0 0 -8869276 -5332884 -16056321 0
200 0 0 0 -8869276 -5332884 -16056321 0
201 0 0 0 -8869276 -5332884 -16056321 0
202 0 0 0 -8869276 -5332884 -16056321 0
203 0 0 0 -8869276 -5332884 -16056321 0
204 0 0 0 -8869276 -5332884 -16056321 0
205 0 0 0 -8869276 -5332884 -16056321 0
206 0 0 0 -8869276 -5332884 -16056321 0
207 0 0 0 -8869276 -5332884 -16056321 0
208 0 0 0 -8869276 -5332884 -16056321 0
209 0 0 0 -8869276 -5332884 -16056321 0
210 0 0 0 -8869276 -5332884 -16056321 0
211 0 0 0 -8869276 -5332884 -16056321 0
212 0 0 0 -8869276 -5332884 -16056321 0
213 0 0 0 -8869276 -5332884 -16056321 0
214 0 0 0 -8869276 -5332884 -16056321 0
215 0 0 0 -8869276 -5332884 -16056321 0
216 0 0 0 -8869276 -5332884 -16056321 0
217 0 0 0 -8869276 -5332884 -16056321 0
218 0 0 0 -8869276 -5332884 -16056321 0
219 0 0 0 -8869276 -5332884 -16056321 0
220 0 0 0 -8869276 -5332884 -16056321 0
221 0 0 0 -8869276 -5332884 -16056321 0
222 0 0 0 -8869276 -5332884 -16056321 0
223 0 0 0 -8869276 -5332884 -16056321 0
224 0 0 0 -8869276 -5332884 -16056321 0
225 0 0 0 -8869276 -5332884 -16056321 0
226 0 0 0 -8869276 -5332884 -16056321 0
227 0 0 0 -8869276 -5332884 -16056321 0
228 0 0 0 -8869276 -5332884 -16056321 0
229 0 0 0 -8869276 -5332884 -16056321 0
230 0 0 0 -8869276 -5332884 -16056321 0
231 0 0 0 -8869276 -5332884 -16056321 0
232 0 0 0 -8869276 -5332884 -16056321 0
233 0 0 0 -8869276 -5332884 -16056321 0
234 0 0 0 -8869276 -5332884 -16056321 0
235 0 0 0 -8869276 -5332884 -16056321 0
236 0 0 0 -8869276 -5332884 -16056321 0
237 0 0 0 -8869276 -5332884 -16056321 0
238 0 0 0 -8869276 -5332884 -16056321 0
239 0 0 0 -8869276 -5332884 -16056321 0
240 0 0 0 -8869276 -5332884 -16056321 0
241 0 0 0 -8869276 -5332884 -16056321 0
242 0 0 0 -8869276 -5332884 -16056321 0
243 0 0 0 -8869276 -5332884 -16056321 0
244 0 0 0 -8869276 -5332884 -16056321 0
245 0 0 0 -8869276 -5332884 -16056321 0
246 0 0 0 -8869276 -5332884 -16056321 0
247 0 0 0 -8869276 -5332884 -16056321 0
248 0 0 0 -8869276 -5332884 -16056321 0
249 0 0 0 -8869276 -5332884 -16056321 0
250 0 0 0 -8869276 -5332884 -16056321 0
251 0 0 0 -8869276 -5332884 -16056321 0
252 0 0 0 -8869276 -5332884 -16056321 0
253 0 0 0 -8869276 -5332884 -16056321 0
254 0 0 0 -8869276 -5332884 -16056321 0
255 0 0 0 -8869276 -5332884 -16056321 0
256 0 0 0 -8869276 -5332884 -16056321 0
257 0 0 0 -8869276 -5332884 -16056321 0
258 0 0 0 -8869276 -5332884 -16056321 0
259 0 0 0 -8869276 -5332884 -16056321 0
260 0 0 0 -8869276 -5332884 -16056321 0
261 0 0 0 -8869276 -5332884 -16056321 0
262 0 0 0 -8869276 -5332884 -16056321 0
263 0 0 0 -8869276 -5332884 -16056321 0
264 0 0 0 -8869276 -5332884 -16056321 0
265 0 0 0 -8869276 -5332884 -16056321 0
266 0 0 0 -8869276 -5332884 -16056321 0
267 0 0 0 -8869276 -5332884 -16056321 0
268 0 0 0 -8869276 -5332884 -16056321 0
269 0 0 0 -8869276 -5332884 -16056321 0
270 0 0 0 -8869276 -5332884 -16056321 0
271 0 0 0 -8869276 -5332884 -16056321 0
272 0 0 0 -8869276 -5332884 -16056321 0
273 0 0 0 -8869276 -5332884 -16056321 0
274 0 0 0 -8869276 -5332884 -16056321 0
275 0 0 0 -8869276 -5332884 -16056321 0
276 0 0 0 -8869276 -5332884 -16056321 0
277 0 0 0 -8869276 -5332884 -16056321 0
278 0 0 0 -8869276 -5332884 -16056321 0
279 0 0 0 -8869276 -5332884 -16056321 0
280 0 0 0 -8869276 -5332884 -16056321 0
281 0 0 0 -8869276 -5332884 -16056321 0
282 0 0 0 -8869276 -5332884 -16056321 0
283 0 0 0 -8869276 -5332884 -16056321 0
284 0 0 0 -8869276 -5332884 -16056321 0
285 0 0 0 -8869276 -5332884 -16056321 0
286 0 0 0 -8869276 -5332884 -16056321 0
287 0 0 0 -8869276 -5332884 -16056321 0
288 0 0 0 -8869276 -5332884 -16056321 0
289 0 0 0 -8869276 -5332884 -16056321 0
290 0 0 0 -8869276 -5332884 -16056321 0
291 0 0 0 -8869276 -5332884 -16056321 0
292 0 0 0 -8869276 -5332884 -16056321 0
293 0 0 0 -8869276 -5332884 -16056321 0
294 0 0 0 -8869276 -5332884 -16056321 0
295 0 0 0 -8869276 -5332884 -16056321 0
296 0 0 0 -8869276 -5332884 -16056321 0
297 0 0 0 -8869276 -5332884 -16056321 0
298 0 0 0 -8869276 -5332884 -16056321 0
299 0 0 0 -8869276 -5332884 -16056321 0
300 0 0 0 -8869276 -5332884 -16056321 0
301 0 0 0 -8869276 -5332884 -16056321 0
302 0 0 0 -8869276 -5332884 -16056321 0
303 0 0 0 -8869276 -5332884 -16056321 0
304 0 0 0 -8869276 -5332884 -16056321 0
305 0 0 0 -8869276 -5332884 -16056321 0
306 0 0 0 -8869276 -5332884 -16056321 0
307 0 0 0 -8869276 -5332884 -16056321 0
308 0 0 0 -8869276 -5332884 -16056321 0
309 0 0 0 -8869276 -5332884 -16056321 0
310 0 0 0 -8869276 -5332884 -16056321 0
311 0 0 0 -8869276 -5332884 -16056321 0
312 0 0 0 -8869276 -5332884 -16056321 0
313 0 0 0 -8869276 -5332884 -16056321 0
314 0 0 0 -8869276 -5332884 -16056321 0
315 0 0 0 -8869276 -5332884 -16056321 0
316 0 0 0 -8869276 -5332884 -16056321 0
317 0 0 0 -8869276 -5332884 -16056321 0
318 0 0 0 -8869276 -5332884 -16056321 0
319 0 0 0 -8869276 -5332884 -16056321 0
320 0 0 0 -8869276 -5332884 -16056321 0
321 0 0 0 -8869276 -5332884 -16056321 0
322 0 0 0 -8869276 -5332884 -16056321 0
323 0 0 0 -8869276 -5332884 -16056321 0
324 0 0 0 -8869276 -5332884 -16056321 0
325 0 0 0 -8869276 -5332884 -16056321 0
326 0 0 0 -8869276 -5332884 -16056321 0
327 0 0 0 -8869276 -5332884 -16056321 0
328 0 0 0 -8869276 -5332884 -16056321 0
329 0 0 0 -8869276 -5332884 -16056321 0
330 0 0 0 -8869276 -5332884 -16056321 0
331 0 0 0 -8869276 -5332884 -16056321 0
332 0 0 0 -8869276 -5332884 -16056321 0
333 0 0 0 -8869276 -5332884 -16056321 0
334 0 0 0 -8869276 -5332884 -16056321 0
335 0 0 0 -8869276 -5332884 -16056321 0
336 0 0 0 -8869276 -5332884 -16056321 0
337 0 0 0 -8869276 -5332884 -16056321 0
338 0 0 0 -8869276 -5332884 -16056321 0
339 0 0 0 -8869276 -5332884 -16056321 0
340 0 0 0 -8869276 -5332884 -16056321 0
341 0 0 0 -8869276 -5332884 -16056321 0
342 0 0 0 -8869276 -5332884 -16056321 0
343 0 0 0 -8869276 -5332884 -16056321 0
344 0 0 0 -8869276 -5332884 -16056321 0
345 0 0 0 -8869276 -5332884 -16056321 0
346 0 0 0 -8869276 -5332884 -16056321 0
347 0 0 0 -8869276 -5332884 -16056321 0
348 0 0 0 -8869276 -5332884 -16056321 0
349 0 0 0 -8869276 -5332884 -16056321 0
350 0 0 0 -8869276 -5332884 -16056321 0
351 0 0 0 -8869276 -5332884 -16056321 0
352 0 0 0 -8869276 -5332884 -16056321 0
353 0 0 0 -8869276 -5332884 -16056321 0
354 0 0 0 -8869276 -5332884 -16056321 0
355 0 0 0 -8869276 -5332884 -16056321 0
356 0 0 0 -8869276 -5332884 -16056321 0
357 0 0 0 -8869276 -5332884 -16056321 0
358 0 0 0 -8869276 -5332884 -16056321 0
359 0 0 0 -8869276 -5332884 -16056321 0
360 0 0 0 -8869276 -5332884 -16056321 0
361 0 0 0 -8869276 -5332884 -16056321 0
362 0 0 0 -8869276 -5332884 -16056321 0
363 0 0 0 -8869276 -5332884 -16056321 0
364 0 0 0 -8869276 -5332884 -16056321 0
365 0 0 0 -8869276 -5332884 -16056321 0
366 0 0 0 -8869276 -5332884 -16056321 0
367 0 0 0 -8869276 -5332884 -16056321 0
368 0 0 0 -8869276 -5332884 -16056321 0
369 0 0 0 -8869276 -5332884 -16056321 0
370 0 0 0 -8869276 -5332884 -16056321 0
371 0 0 0 -8869276 -5332884 -16056321 0
372 0 0 0 -8869276 -5332884 -16056321 0
373 0 0 0 -8869276 -5332884 -16056321 0
374 0 0 0 -8869276 -5332884 -16056321 0
375 0 0 0 -8869276 -5332884 -16056321 0
376 0 0 0 -8869276 -5332884 -16056321 0
377 0 0 0 -8869276 -5332884 -16056321 0
378 0 0 0 -8869276 -5332884 -16056321 0
379 0 0 0 -8869276 -5332884 -16056321 0
380 0 0 0 -8869276 -5332884 -16056321 0
381 0 0 0 -8869276 -5332884 -16056321 0
382 0 0 0 -8869276 -5332884 -16056321 0
383 0 0 0 -8869276 -5332884 -16056321 0
384 0 0 0 -8869276 -5332884 -16056321 0
385 0 0 0 -8869276 -5332884 -16056321 0
386 0 0 0 -8869276 -5332884 -16056321 0
387 0 0 0 -8869276 -5332884 -16056321 0
388 0 0 0 -8869276 -5332884 -16056321 0
389 0 0 0 -8869276 -5332884 -16056321 0
390 0 0 0 -8869276 -5332884 -16056321 0
391 0 0 0 -8869276 -5332884 -16056321 0
392 0 0 0 -8869276 -5332884 -16056321 0
393 0 0 0 -8869276 -5332884 -16056321 0
394 0 0 0 -8869276 -5332884 -16056321 0
395 0 0 0 -8869276 -5332884 -16056321 0
396 0 0 0 -8869276 -5332884 -16056321 0
397 0 0 0 -8869276 -5332884 -16056321 0
398 0 0 0 -8869276 -5332884 -16056321 0
399 0 0 0 -8869276 -5332884 -16056321 0
a
20 4 0 -646403584 108 720640 1 -647440028 0 0 2 -606623132 0 0 3 0 0 0 4 0 0 0 5 0 0 0 6 0 0 0 7 0 0 0 8 0 0 0 9 0 0 0 10 0 0 0 11 0 0 0 12 0 0 0 13 0 0 0 14 0 0 0 15 0 0 0 16 0 0 0 17 0 0 0 18 0 0 0 19 -647898780 0 0 20 0 0 0 21 0 0 0 22 0 0 0 23 0 0 0 24 0 0 0 25 0 0 0 26 0 0 0 27 0 0 0 28 0 0 0 29 0 0 0 30 -640177564 0 0
21 10 0 16755200 -590345 -101187591 1 -522387456 -17302790 0 2 0 0 0 3 0 0 0 4 0 0 0 5 0 0 0 6 0 0 0 7 0 0 0 8 0 0 0 9 0 0 0 10 0 0 0 11 0 0 0 12 0 0 0 13 0 0 -128423827 14 0 -40137079 0 15 0 0 0 16 0 0 0 17 0 0 0 18 -534716959 0 0 19 0 0 0 20 -532693317 0 0 21 0 197376953 0 22 0 0 0 23 0 0 0 24 0 0 0 25 0 0 0 26 0 0 0 27 -525511624 -1410997789 -136520739 28 0 0 0 29 0 0 0 30 -505600256 -50858504 -134613770
22 40 0 -605953571 -606232468 0 1 -589176355 0 0 2 0 0 0 3 0 0 0 4 0 0 0 5 0 0 0 6 -594878101 0 0 7 0 0 0 8 0 0 0 9 0 0 0 10 0 0 0 11 0 0 0 12 0 -606086292 0 13 -603922176 0 0 14 0 0 0 15 0 0 0 16 0 0 0 17 0 0 0 18 0 -610450085 0 19 -590056944 0 0 20 0 0 0 21 0 0 0 22 0 -615507951 0 23 -598137840 0 0 24 0 0 0 25 0 0 0 26 0 0 0 27 0 0 0 28 0 0 0 29 0 0 0 30 -589176355 -606101396 0
24 5 0 -67045646 -738658313 -201786372 1 0 0 0 2 0 0 0 3 0 0 0 4 0 0 0 5 0 0 0 6 0 0 0 7 0 0 1677261820 8 0 0 0 9 0 0 0 10 0 0 0 11 -83844621 -174269733 0 12 0 0 0 13 0 0 0 14 0 0 0 15 0 0 0 16 0 0 0 17 0 0 0 18 0 0 0 19 0 0 -906298372 20 -526649357 0 0 21 0 0 0 22 0 0 0 23 0 -133390666 0 24 -355664652 0 0 25 -324405260 -129981517 1358691324 26 0 0 0 27 0 0 0 28 0 0 0 29 0 -89543249 0 30 -83822601 -56120403 -50529028
31 30 0 -134678899 -118310083 1744631552 1 0 0 0 2 0 0 0 3 0 0 0 4 0 0 0 5 0 0 0 6 0 0 0 7 0 0 0 8 0 0 0 9 0 0 1844901798 10 0 0 0 11 -117915813 0 0 12 0 -67867075 0 13 0 0 0 14 0 0 0 15 -117918111 0 0 16 0 0 -1929971792 17 0 -168475331 0 18 0 0 0 19 0 0 0 20 0 0 0 21 -84301462 0 0 22 0 0 0 23 0 0 0 24 0 0 0 25 0 0 0 26 0 0 0 27 0 0 0 28 0 0 0 29 0 0 0 30 -50660974 -67584707 1727592192
32 5 0 -159136526 -110758160 -118163471 1 0 0 0 2 0 0 0 3 0 0 0 4 0 0 0 5 0 0 0 6 0 0 0 7 0 -106891655 0 8 -167512589 0 0 9 0 0 0 10 0 0 0 11 0 0 0 12 0 0 0 13 0 0 0 14 0 0 0 15 0 0 0 16 0 0 0 17 0 0 0 18 0 0 -101463808 19 -165220204 0 0 20 0 0 0 21 0 0 0 22 0 0 0 23 0 0 0 24 0 0 0 25 -161884215 0 0 26 0 0 0 27 -160772133 -76417048 -151523399 28 0 0 0 29 0 0 0 30 -159070986 -60098311 -151388937
33 6 0 -84150795 -67108864 -59575040 1 0 0 0 2 0 0 0 3 0 0 0 4 0 0 0 5 0 0 0 6 0 0 0 7 0 0 -50793216 8 0 0 0 9 0 0 0 10 0 0 0 11 0 550950052 0 12 0 0 0 13 -97943595 0 0 14 0 0 0 15 0 0 0 16 0 0 0 17 0 0 0 18 0 0 0 19 -84852465 0 0 20 0 0 0 21 0 0 0 22 0 0 0 23 0 0 0 24 0 0 0 25 0 0 0 26 0 0 0 27 0 0 0 28 0 0 0 29 0 0 0 30 -50594822 -150994944 -57608960
34 6 0 -117902077 -1846057728 -1828915470 1 0 0 0 2 0 0 0 3 0 0 0 4 0 0 0 5 0 0 0 6 0 0 0 7 0 0 0 8 0 0 0 9 0 0 0 10 -125635182 0 0 11 0 0 1128108205 12 0 0 0 13 0 -1919785728 2085745856 14 0 0 0 15 0 0 0 16 0 0 0 17 0 0 0 18 0 0 0 19 -122161917 0 0 20 0 0 0 21 0 1750885632 0 22 0 0 0 23 0 0 0 24 0 0 0 25 0 0 0 26 0 0 0 27 0 0 0 28 0 0 0 29 0 0 0 30 -117901565 -1761974528 -1896089866
35 5 0 -144293115 -176332800 50331657 1 0 0 0 2 0 0 0 3 0 0 0 4 0 0 0 5 0 0 0 6 0 0 0 7 -159421623 -192774656 0 8 0 0 0 9 0 0 0 10 0 0 0 11 0 0 0 12 0 0 0 13 0 0 -242714557 14 0 0 0 15 0 0 0 16 0 0 0 17 0 0 0 18 0 0 0 19 -157382376 0 0 20 0 0 0 21 0 0 0 22 0 0 -193818286 23 0 -192957952 0 24 0 0 0 25 0 0 0 26 0 0 0 27 0 0 0 28 0 0 0 29 0 0 0 30 -161070848 -193044992 50331648
36 3 0 -160607439 -141981440 -2054912765 1 0 0 0 2 0 0 0 3 0 0 0 4 0 0 0 5 0 0 0 6 -155128782 -146227456 0 7 0 0 0 8 0 0 0 9 0 0 0 10 0 0 0 11 0 0 0 12 0 0 -2071729407 13 0 0 0 14 0 0 0 15 0 0 0 16 0 0 0 17 0 0 0 18 0 -122300928 0 19 -147743966 0 0 20 0 0 0 21 0 0 -2068204032 22 0 0 0 23 0 0 0 24 0 0 0 25 0 0 0 26 0 0 0 27 0 0 0 28 0 0 0 29 0 0 0 30 -110340042 -91649280 -2071756544
38 4 0 -84085566 -185273936 -168166912 1 0 0 0 2 0 0 0 3 0 0 0 4 0 0 0 5 0 0 0 6 0 0 0 7 0 0 0 8 0 0 0 9 0 0 0 10 0 0 0 11 0 0 0 12 -100944571 0 0 13 0 0 -117832704 14 0 -139634668 0 15 0 0 0 16 0 0 0 17 0 0 0 18 0 0 0 19 0 0 0 20 0 0 0 21 0 0 0 22 0 0 0 23 0 0 0 24 0 0 0 25 0 0 0 26 0 0 0 27 0 0 0 28 0 0 0 29 0 0 0 30 -117705534 -50791247 -50529792
39 2 0 -150759066 -150772122 -128625580 1 0 0 0 2 0 0 0 3 0 0 0 4 0 0 0 5 0 0 0 6 0 0 0 7 0 0 0 8 0 0 0 9 0 0 0 10 0 0 0 11 0 0 0 12 0 0 0 13 0 0 0 14 -163529354 -150756193 -128691116 15 0 0 0 16 0 0 0 17 0 0 0 18 0 0 0 19 0 0 0 20 0 0 0 21 0 0 0 22 0 0 0 23 0 0 0 24 0 0 0 25 0 0 0 26 0 0 0 27 0 0 0 28 0 0 0 29 0 0 0 30 -167537817 -150772893 -128691116
41 2 0 -247710474 -144264202 50331648 1 0 0 0 2 0 0 0 3 0 0 0 4 0 0 0 5 0 0 0 6 0 0 0 7 0 0 0 8 0 0 0 9 0 0 0 10 0 0 0 11 0 0 0 12 0 0 0 13 0 0 0 14 -185058243 0 0 15 0 0 0 16 0 -184962296 -1778910966 17 0 0 0 18 0 0 0 19 0 0 0 20 0 0 0 21 0 0 0 22 0 0 0 23 0 0 0 24 0 0 0 25 0 0 0 26 0 0 0 27 0 0 0 28 0 0 0 29 0 0 0 30 -130269962 -110709002 50331648
42 35 0 -84412679 -106861725 -117637896 1 0 0 0 2 0 0 0 3 0 0 0 4 0 0 0 5 0 0 0 6 0 0 0 7 0 0 0 8 -90572901 0 0 9 0 -104139481 -153617706 10 0 0 0 11 0 0 0 12 0 0 0 13 0 0 0 14 0 0 0 15 -92473277 0 -164039602 16 0 -86640853 0 17 0 0 0 18 0 0 0 19 0 0 0 20 0 0 0 21 0 -84345701 -134613615 22 -84552095 0 0 23 0 0 0 24 0 0 0 25 0 0 0 26 -84651253 -71451049 -118092016 27 -93821904 -74621406 -128562871 28 0 0 0 29 0 0 -121586243 30 -84083465 -55809699 -101320457
44 5 0 -101078428 -101089024 -53227254 1 0 0 0 2 0 0 0 3 0 0 0 4 0 0 0 5 0 0 0 6 0 0 0 7 0 0 0 8 0 -150297869 0 9 -116990992 0 0 10 0 0 -61157381 11 0 0 -278281234 12 0 0 0 13 0 0 0 14 0 0 0 15 0 0 0 16 0 0 0 17 0 -159215001 0 18 0 0 0 19 -109316344 0 0 20 0 0 -2097915011 21 0 0 0 22 0 0 0 23 0 0 0 24 0 0 0 25 0 0 0 26 0 0 0 27 0 0 0 28 0 0 0 29 0 0 0 30 -100881820 -168264701 -53424640
45 2 0 -68309619 -151198845 -105808005 1 0 0 0 2 0 0 0 3 0 0 0 4 0 0 0 5 0 0 0 6 0 0 0 7 0 0 0 8 0 0 0 9 0 0 0 10 0 0 0 11 0 0 0 12 0 -135137529 -101733373 13 0 0 0 14 0 0 0 15 0 0 -96094139 16 0 0 0 17 0 0 0 18 0 0 0 19 0 0 0 20 0 0 0 21 0 0 0 22 0 0 0 23 0 0 0 24 0 0 0 25 0 0 0 26 0 0 0 27 0 0 0 28 0 0 0 29 0 0 0 30 -51334259 -100931706 -54623615
