-49 18 7 0 6 215675329
-49 19 7 0 6 215675329
-49 20 7 0 6 215675329
-49 21 7 0 6 215675329
-49 22 3 0 6 215675329
-48 18 15 0 6 215675329
-48 19 15 0 6 215675329
-48 20 15 0 6 215675329
-48 21 15 0 6 215675329
-48 22 11 0 6 215675329
-47 18 15 0 6 215675329
-47 19 15 0 6 215675329
-47 20 15 0 6 215675329
-47 21 15 0 6 215675329
-47 22 11 0 6 215675329
-46 18 15 0 6 215675329
-46 19 15 0 6 215675329
-46 20 15 0 6 215675329
-46 21 15 0 6 215675329
-46 22 11 0 6 215675329
-45 18 15 0 6 215675329
-45 19 15 0 6 215675329
-45 20 15 0 6 215675329
-45 21 15 0 6 215675329
-45 22 11 0 6 215675329
-44 18 15 0 6 215675329
-44 19 15 0 6 215675329
-44 20 15 0 6 215675329
-44 21 15 0 6 215675329
-44 22 11 0 6 215675329
-43 18 15 0 6 215675329
-43 19 15 0 6 215675329
-43 20 15 0 6 215675329
-43 21 15 0 6 215675329
-43 22 11 0 6 215675329
-51 32 8 0 0 139752521
-52 32 2 0 0 139752505
-56 45 0 0 0 139752121
-54 45 0 0 0 139752105
-42 18 15 0 6 215675329
-42 19 15 0 6 215675329
-42 20 15 0 6 215675329
-42 21 15 0 6 215675329
-42 22 11 0 6 215675329
-41 18 15 0 6 215675329
-41 19 15 0 6 215675329
-41 20 15 0 6 215675329
-41 21 15 0 6 215675329
-41 22 11 0 6 215675329
-49 17 7 0 6 215675329
-48 17 15 0 6 215675329
-47 17 15 0 6 215675329
-46 17 15 0 6 215675329
-45 17 15 0 6 215675329
-44 17 15 0 6 215675329
-43 17 15 0 6 215675329
-42 17 15 0 6 215675329
-41 17 15 0 6 215675329
-40 18 15 0 6 215675329
-40 19 15 0 6 215675329
-40 20 15 0 6 215675329
-40 21 15 0 6 215675329
-40 22 11 0 6 215675329
-40 17 12 0 6 215675329
-49 16 7 0 6 215675329
-48 16 15 0 6 215675329
-47 16 15 0 6 215675329
-46 16 15 0 6 215675329
-45 16 15 0 6 215675329
-44 16 15 0 6 215675329
-43 16 15 0 6 215675329
-42 16 15 0 6 215675329
-41 16 13 0 6 215675329
-39 18 14 0 6 215675329
-39 19 15 0 6 215675329
-39 20 15 0 6 215675329
-39 21 15 0 6 215675329
-39 22 11 0 6 215675329
-38 18 14 0 6 215675329
-38 19 15 0 6 215675329
-38 20 15 0 6 215675329
-38 21 15 0 6 215675329
-38 22 11 0 6 215675329
-37 18 14 0 6 215675329
-37 19 15 0 6 215675329
-37 20 15 0 6 215675329
-37 21 15 0 6 215675329
-37 22 11 0 6 215675329
-36 18 14 0 6 215675329
-36 19 15 0 6 215675329
-36 20 15 0 6 215675329
-36 21 15 0 6 215675329
-36 22 11 0 6 215675329
-35 18 14 0 6 215675329
-35 19 15 0 6 215675329
-35 20 15 0 6 215675329
-35 21 13 0 6 215675329
-35 22 9 0 6 215675329
-34 18 14 0 6 215673508
-34 19 15 0 6 215673508
-34 20 11 0 6 215673508
-33 18 14 0 6 215673508
-33 19 15 0 6 215673508
-33 20 11 0 6 215673508
-32 18 15 0 6 215673508
-32 19 15 0 6 215673508
-32 20 11 0 6 215673508
-31 18 15 0 6 215673508
-31 19 15 0 6 215673508
-31 20 11 0 6 215673508
-30 18 15 0 6 215673508
-30 19 15 0 6 215673508
-30 20 11 0 6 215673508
-29 21 3 0 6 215790170
-29 19 15 0 6 215673508
-29 20 15 0 6 215673508
-29 18 15 0 6 215673508
-32 17 7 0 6 215673508
-31 17 15 0 6 215673508
-30 17 15 0 6 215673508
-29 17 15 0 6 215673508
-39 16 3 0 6 215675329
-38 16 11 0 6 215675329
-37 16 11 0 6 215675329
-36 16 9 0 6 215675329
-34 16 3 0 6 215673508
-33 16 11 0 6 215673508
-32 16 15 0 6 215673508
-31 16 15 0 6 215673508
-30 16 15 0 6 215673508
-29 16 12 0 6 215673508
-28 21 11 0 6 215790135
-28 20 15 0 6 215673508
-28 19 15 0 6 215673508
-28 18 15 0 6 215673508
-28 17 14 0 6 215673508
-49 14 7 0 6 215675329
-49 15 7 0 6 215675329
-48 14 15 0 6 215675329
-48 15 15 0 6 215675329
-47 14 15 0 6 215675329
-47 15 15 0 6 215675329
-46 14 15 0 6 215675329
-46 15 15 0 6 215675329
-45 14 15 0 6 215675329
-45 15 15 0 6 215675329
-44 14 15 0 6 215675329
-44 15 15 0 6 215675329
-43 14 15 0 6 215675329
-43 15 15 0 6 215675329
-42 14 15 0 6 215675329
-42 15 15 0 6 215675329
-41 14 15 0 6 215675329
-41 15 15 0 6 215675329
-40 14 15 0 6 215675329
-40 15 11 0 6 215675329
-49 13 7 0 6 215675329
-48 13 15 0 6 215675329
-47 13 15 0 6 215675329
-46 13 15 0 6 215675329
-45 13 15 0 6 215675329
-44 13 15 0 6 215675329
-43 13 15 0 6 215675329
-42 13 15 0 6 215675329
-41 13 15 0 6 215675329
-40 13 15 0 6 215675329
-49 12 7 0 6 215675329
-48 12 15 0 6 215675329
-47 12 15 0 6 215675329
-46 12 15 0 6 215675329
-45 12 15 0 6 215675329
-44 12 15 0 6 215675329
-43 12 15 0 6 215675329
-42 12 15 0 6 215675329
-41 12 15 0 6 215675329
-40 12 15 0 6 215675329
-49 11 15 0 6 215675329
-48 11 15 0 6 215675329
-47 11 15 0 6 215675329
-46 11 15 0 6 215675329
-45 11 15 0 6 215675329
-44 11 15 0 6 215675329
-43 11 15 0 6 215675329
-42 11 15 0 6 215675329
-50 11 3 0 6 215670444
-41 11 15 0 6 215675329
-40 11 15 0 6 215675329
-39 14 15 0 6 215675329
-39 15 15 0 6 215675329
-38 14 15 0 6 215675329
-38 15 15 0 6 215675329
-37 14 15 0 6 215675329
-37 15 15 0 6 215675329
-36 14 15 0 6 215675329
-36 15 15 0 6 215675329
-35 14 15 0 6 215675329
-35 15 11 0 6 215675329
-34 15 15 0 6 215673508
-34 14 15 0 6 215673508
-33 15 15 0 6 215673508
-33 14 15 0 6 215673508
-32 15 15 0 6 215673508
-31 15 15 0 6 215673508
-30 15 12 0 6 215673508
-32 14 15 0 6 215673508
-31 14 13 0 6 215673508
-39 13 15 0 6 215675329
-38 13 15 0 6 215675329
-37 13 15 0 6 215675329
-36 13 15 0 6 215675329
-35 13 15 0 6 215675329
-34 13 15 0 6 215673508
-33 13 15 0 6 215673508
-32 13 15 0 6 215673508
-31 13 15 0 6 215673508
-30 13 8 0 6 215673508
-39 12 15 0 6 215675329
-38 12 15 0 6 215675329
-37 12 15 0 6 215675329
-36 12 15 0 6 215675329
-35 12 15 0 6 215675329
-34 12 15 0 6 215673508
-33 12 15 0 6 215673508
-32 12 15 0 6 215673508
-31 12 13 0 6 215673508
-29 12 3 0 6 215673508
-28 15 3 0 6 215673508
-28 14 6 0 6 215673508
-28 12 9 0 6 215673508
-39 11 15 0 6 215675329
-38 11 15 0 6 215675329
-37 11 15 0 6 215675329
-36 11 15 0 6 215675329
-35 11 15 0 6 215675329
-34 11 15 0 6 215673508
-33 11 15 0 6 215673508
-32 11 15 0 6 215673508
-31 11 15 0 6 215673508
-30 11 11 0 6 215673508
-29 11 15 0 6 215673508
-28 11 13 0 6 215673508
-16 21 8 4 7 215923749
-17 21 2 4 7 215923724
-17 23 4 4 7 215923444
-17 24 1 4 7 215923413
-16 25 2 4 7 215923336
-27 21 11 0 6 215790094
-26 21 11 0 6 215790047
-25 21 11 0 6 215789989
-24 21 13 0 6 215789936
-24 22 1 0 6 215789918
-27 20 15 0 6 215673508
-26 20 15 0 6 215673508
-25 20 15 0 6 215673508
-24 20 15 0 6 215673508
-23 20 11 0 6 215673508
-22 24 3 0 6 215789591
-21 24 8 0 6 215789562
-22 23 5 0 6 215789404
-22 22 5 0 6 215789357
-22 21 5 0 6 215789298
-21 20 9 0 6 215789268
-22 20 15 0 6 215673508
-27 19 15 0 6 215673508
-26 19 15 0 6 215673508
-25 19 15 0 6 215673508
-24 19 15 0 6 215673508
-23 19 15 0 6 215673508
-21 19 14 0 6 215789243
-20 19 8 0 6 215789224
-22 19 15 0 6 215673508
-15 20 0 4 7 215923782
-15 22 6 4 7 215923612
-15 23 3 4 7 215923467
-15 25 10 4 7 215923307
-27 18 15 0 6 215673508
-26 18 15 0 6 215673508
-25 18 15 0 6 215673508
-24 18 15 0 6 215673508
-23 18 15 0 6 215673508
-22 18 13 0 6 215673508
-15 18 3 3 0 48601669
-14 23 15 4 7 215923495
-14 24 7 0 7 215817147
-14 25 15 0 7 215817147
-14 26 7 0 7 215817147
-14 27 3 0 7 215817147
-13 23 15 4 7 215923530
-8 31 8 4 7 215919414
-9 31 10 4 7 215919391
-10 31 10 4 7 215919367
-11 31 2 4 7 215919342
-12 30 0 4 7 215919294
-11 29 1 4 7 215919270
-11 28 7 4 7 215919221
-10 28 11 4 7 215919185
-9 28 9 4 7 215919128
-13 24 15 0 7 215817147
-13 25 15 0 7 215817147
-13 26 15 0 7 215817147
-13 27 11 0 7 215817147
-12 23 15 0 7 215817147
-12 24 15 0 7 215817147
-12 25 15 0 7 215817147
-12 26 15 0 7 215817147
-12 27 11 0 7 215817147
-11 23 15 0 7 215817147
-11 24 15 0 7 215817147
-11 25 15 0 7 215817147
-11 26 15 0 7 215817147
-11 27 15 0 7 215817147
-10 23 15 0 7 215817147
-10 24 15 0 7 215817147
-10 25 15 0 7 215817147
-10 26 15 0 7 215817147
-10 27 15 0 7 215817147
-9 23 15 0 7 215817147
-9 24 15 0 7 215817147
-9 25 15 0 7 215817147
-9 26 15 0 7 215817147
-9 27 15 0 7 215817147
-8 23 15 0 7 215817147
-8 24 15 0 7 215817147
-8 25 15 0 7 215817147
-8 26 15 0 7 215817147
-8 27 11 0 7 215817147
-7 26 15 0 7 215818173
-7 27 15 0 7 215818173
-7 28 7 0 7 215818173
-7 29 3 0 7 215818173
-7 25 15 0 7 215817147
-7 24 15 0 7 215817147
-7 23 15 0 7 215817147
-14 22 15 4 7 215923594
-14 21 6 0 7 215817147
-8 21 14 4 7 215924253
-9 20 12 4 7 215924184
-10 20 14 4 7 215924074
-11 20 14 4 7 215924055
-12 20 14 4 7 215923884
-13 20 6 4 7 215923817
-13 22 15 4 7 215923555
-13 21 15 0 7 215817147
-12 21 15 0 7 215817147
-12 22 15 0 7 215817147
-11 21 15 0 7 215817147
-11 22 15 0 7 215817147
-10 21 15 0 7 215817147
-10 22 15 0 7 215817147
-9 21 15 0 7 215817147
-9 22 15 0 7 215817147
-8 22 15 0 7 215817147
-14 18 11 3 0 48601669
-13 18 11 3 0 48601669
-12 18 11 3 0 48601669
-11 18 11 3 0 48601669
-10 18 11 3 0 48601669
-9 18 11 3 0 48601669
-8 18 11 3 0 48601669
-7 22 15 0 7 215817147
-7 20 6 4 7 215924295
-7 21 15 0 7 215817147
-7 18 11 3 0 48601669
-27 17 14 0 6 215673508
-26 16 6 0 6 215673508
-26 17 15 0 6 215673508
-25 16 15 0 6 215673508
-25 17 15 0 6 215673508
-24 16 15 0 6 215673508
-24 17 15 0 6 215673508
-23 16 15 0 6 215673508
-23 17 15 0 6 215673508
-22 16 13 0 6 215673508
-22 17 13 0 6 215673508
-27 15 9 0 6 215673508
-25 15 7 0 6 215673508
-24 15 15 0 6 215673508
-23 15 15 0 6 215673508
-22 15 13 0 6 215673508
-19 14 1 0 6 215787394
-27 14 12 0 6 215673508
-25 14 7 0 6 215673508
-24 14 15 0 6 215673508
-23 14 15 0 6 215673508
-22 14 13 0 6 215673508
-19 13 5 0 6 215787353
-26 13 2 0 6 215673508
-25 13 15 0 6 215673508
-24 13 15 0 6 215673508
-23 13 15 0 6 215673508
-22 13 13 0 6 215673508
-19 12 6 0 6 215787295
-25 12 7 0 6 215673508
-24 12 15 0 6 215673508
-23 12 15 0 6 215673508
-22 12 13 0 6 215673508
-18 12 10 0 6 215787259
-17 12 10 0 6 215787222
-16 12 8 0 6 215787096
-26 11 3 0 6 215673508
-25 11 15 0 6 215673508
-24 11 15 0 6 215673508
-23 11 15 0 6 215673508
-22 11 13 0 6 215673508
-15 16 7 3 0 48601669
-15 17 7 3 0 48601669
-14 16 15 3 0 48601669
-14 17 15 3 0 48601669
-13 16 15 3 0 48601669
-13 17 15 3 0 48601669
-12 16 15 3 0 48601669
-12 17 15 3 0 48601669
-11 16 15 3 0 48601669
-11 17 15 3 0 48601669
-10 16 15 3 0 48601669
-10 17 15 3 0 48601669
-9 16 15 3 0 48601669
-9 17 15 3 0 48601669
-15 15 7 3 0 48601669
-14 15 15 3 0 48601669
-13 15 15 3 0 48601669
-12 15 15 3 0 48601669
-11 15 15 3 0 48601669
-10 15 15 3 0 48601669
-9 15 15 3 0 48601669
-15 14 7 3 0 48601669
-14 14 15 3 0 48601669
-13 14 15 3 0 48601669
-12 14 15 3 0 48601669
-11 14 15 3 0 48601669
-10 14 15 3 0 48601669
-9 14 15 3 0 48601669
-8 17 15 3 0 48601669
-8 14 15 3 0 48601669
-8 15 15 3 0 48601669
-8 16 15 3 0 48601669
-15 13 7 3 0 48601669
-14 13 15 3 0 48601669
-13 13 15 3 0 48601669
-12 13 15 3 0 48601669
-11 13 15 3 0 48601669
-10 13 15 3 0 48601669
-9 13 15 3 0 48601669
-8 13 15 3 0 48601669
-15 12 7 3 0 48601669
-14 12 15 3 0 48601669
-13 12 15 3 0 48601669
-12 12 15 3 0 48601669
-11 12 15 3 0 48601669
-10 12 15 3 0 48601669
-9 12 15 3 0 48601669
-8 12 15 3 0 48601669
-15 11 7 3 0 48601669
-14 11 15 3 0 48601669
-13 11 15 3 0 48601669
-12 11 15 3 0 48601669
-11 11 15 3 0 48601669
-10 11 15 3 0 48601669
-9 11 15 3 0 48601669
-8 11 15 3 0 48601669
-7 17 15 3 0 48601669
-7 15 15 3 0 48601669
-7 16 15 3 0 48601669
-7 14 15 3 0 48601669
-7 13 15 3 0 48601669
-7 11 15 3 0 48601669
-7 12 15 3 0 48601669
-50 9 7 0 6 215670444
-50 10 7 0 6 215670444
-49 9 15 0 6 215670444
-49 10 15 0 6 215670444
-48 9 15 0 6 215670444
-48 10 15 0 6 215670444
-47 9 15 0 6 215670444
-47 10 15 0 6 215670444
-46 9 15 0 6 215670444
-46 10 15 0 6 215670444
-45 9 15 0 6 215670444
-45 10 15 0 6 215670444
-44 9 15 0 6 215670444
-44 10 15 0 6 215670444
-43 9 15 0 6 215670444
-43 10 15 0 6 215670444
-42 9 15 0 6 215670444
-42 10 15 0 6 215670444
-41 9 15 0 6 215670444
-41 10 15 0 6 215670444
-50 8 7 0 6 215670444
-49 8 15 0 6 215670444
-48 8 15 0 6 215670444
-47 8 15 0 6 215670444
-46 8 15 0 6 215670444
-45 8 15 0 6 215670444
-44 8 15 0 6 215670444
-43 8 15 0 6 215670444
-42 8 15 0 6 215670444
-41 8 15 0 6 215670444
-50 7 7 0 6 215670444
-49 7 15 0 6 215670444
-48 7 15 0 6 215670444
-47 7 15 0 6 215670444
-46 7 15 0 6 215670444
-45 7 15 0 6 215670444
-44 7 15 0 6 215670444
-43 7 15 0 6 215670444
-42 7 15 0 6 215670444
-41 7 15 0 6 215670444
-50 6 7 0 6 215670444
-49 6 15 0 6 215670444
-48 6 15 0 6 215670444
-47 6 15 0 6 215670444
-46 6 15 0 6 215670444
-45 6 15 0 6 215670444
-44 6 15 0 6 215670444
-43 6 15 0 6 215670444
-42 6 15 0 6 215670444
-50 5 7 0 6 215670444
-49 5 15 0 6 215670444
-48 5 15 0 6 215670444
-47 5 15 0 6 215670444
-46 5 15 0 6 215670444
-45 5 15 0 6 215670444
-44 5 15 0 6 215670444
-43 5 15 0 6 215670444
-42 5 15 0 6 215670444
-41 6 15 0 6 215670444
-41 5 15 0 6 215670444
-40 9 15 0 6 215670444
-40 10 15 0 6 215670444
-35 9 15 0 6 215673508
-35 10 15 0 6 215673508
-34 9 15 0 6 215673508
-34 10 15 0 6 215673508
-33 9 15 0 6 215673508
-33 10 15 0 6 215673508
-39 9 15 0 6 215670444
-39 10 15 0 6 215670444
-38 9 15 0 6 215670444
-38 10 15 0 6 215670444
-37 9 15 0 6 215670444
-37 10 15 0 6 215670444
-36 9 15 0 6 215670444
-36 10 15 0 6 215670444
-32 9 15 0 6 215673508
-32 10 15 0 6 215673508
-31 9 15 0 6 215673508
-31 10 15 0 6 215673508
-40 8 15 0 6 215670444
-35 8 15 0 6 215673508
-34 8 15 0 6 215673508
-33 8 15 0 6 215673508
-39 8 15 0 6 215670444
-38 8 15 0 6 215670444
-37 8 15 0 6 215670444
-36 8 15 0 6 215670444
-32 8 15 0 6 215673508
-31 8 15 0 6 215673508
-40 7 15 0 6 215670444
-35 7 15 0 6 215673508
-34 7 15 0 6 215673508
-33 7 14 0 6 215673508
-39 7 15 0 6 215670444
-38 7 15 0 6 215670444
-37 7 15 0 6 215670444
-36 7 15 0 6 215670444
-32 7 14 0 6 215673508
-31 7 14 0 6 215673508
-40 6 15 0 6 215670444
-39 6 15 0 6 215670444
-38 6 15 0 6 215670444
-37 6 15 0 6 215670444
-36 6 15 0 6 215670444
-35 6 15 0 6 215670444
-34 6 13 0 6 215670444
-32 5 3 0 6 215781926
-40 5 15 0 6 215670444
-39 5 15 0 6 215670444
-38 5 15 0 6 215670444
-37 5 15 0 6 215670444
-36 5 15 0 6 215670444
-35 5 15 0 6 215670444
-34 5 13 0 6 215670444
-31 5 8 0 6 215782073
-30 9 15 0 6 215673508
-30 10 15 0 6 215673508
-30 8 15 0 6 215673508
-30 7 14 0 6 215673508
-50 4 7 0 6 215670444
-49 4 15 0 6 215670444
-48 4 15 0 6 215670444
-47 4 15 0 6 215670444
-46 4 15 0 6 215670444
-45 4 15 0 6 215670444
-44 4 15 0 6 215670444
-43 4 15 0 6 215670444
-42 4 15 0 6 215670444
-50 3 7 0 6 215670444
-49 3 15 0 6 215670444
-48 3 15 0 6 215670444
-47 3 15 0 6 215670444
-46 3 15 0 6 215670444
-45 3 15 0 6 215670444
-44 3 15 0 6 215670444
-43 3 15 0 6 215670444
-42 3 15 0 6 215670444
-50 2 7 0 6 215670444
-49 2 15 0 6 215670444
-48 2 15 0 6 215670444
-47 2 15 0 6 215670444
-46 2 15 0 6 215670444
-45 2 15 0 6 215670444
-44 2 15 0 6 215670444
-43 2 15 0 6 215670444
-42 2 15 0 6 215670444
-50 1 7 0 6 215670444
-49 1 15 0 6 215670444
-48 1 15 0 6 215670444
-47 1 15 0 6 215670444
-46 1 15 0 6 215670444
-45 1 15 0 6 215670444
-44 1 15 0 6 215670444
-43 1 15 0 6 215670444
-42 1 15 0 6 215670444
-50 0 6 0 6 215670444
-49 0 14 0 6 215670444
-48 0 14 0 6 215670444
-47 0 14 0 6 215670444
-46 0 14 0 6 215670444
-45 0 14 0 6 215670444
-44 0 14 0 6 215670444
-43 0 14 0 6 215670444
-42 0 14 0 6 215670444
-41 4 15 0 6 215670444
-32 4 12 0 6 215781745
-33 4 11 0 6 215781423
-40 4 15 0 6 215670444
-39 4 15 0 6 215670444
-38 4 15 0 6 215670444
-37 4 15 0 6 215670444
-36 4 15 0 6 215670444
-35 4 15 0 6 215670444
-34 4 15 0 6 215670444
-41 3 15 0 6 215670444
-33 3 13 0 6 215781371
-40 3 15 0 6 215670444
-39 3 15 0 6 215670444
-38 3 15 0 6 215670444
-37 3 15 0 6 215670444
-36 3 15 0 6 215670444
-35 3 15 0 6 215670444
-34 3 15 0 6 215670444
-41 2 15 0 6 215670444
-33 2 13 0 6 215781321
-40 2 15 0 6 215670444
-39 2 15 0 6 215670444
-38 2 15 0 6 215670444
-37 2 15 0 6 215670444
-36 2 15 0 6 215670444
-35 2 15 0 6 215670444
-34 2 15 0 6 215670444
-41 1 15 0 6 215670444
-33 1 12 0 6 215781246
-40 1 15 0 6 215670444
-39 1 15 0 6 215670444
-38 1 15 0 6 215670444
-37 1 15 0 6 215670444
-36 1 15 0 6 215670444
-35 1 15 0 6 215670444
-34 1 15 0 6 215670444
-41 0 14 0 6 215670444
-40 0 14 0 6 215670444
-39 0 14 0 6 215670444
-38 0 14 0 6 215670444
-37 0 14 0 6 215670444
-36 0 14 0 6 215670444
-35 0 14 0 6 215670444
-34 0 12 0 6 215670444
-30 -2 3 5 2 48026008
-21 9 10 0 6 215786860
-29 9 15 0 6 215673508
-29 10 15 0 6 215673508
-28 9 15 0 6 215673508
-28 10 15 0 6 215673508
-27 9 15 0 6 215673508
-27 10 11 0 6 215673508
-26 9 15 0 6 215673508
-26 10 15 0 6 215673508
-25 9 15 0 6 215673508
-25 10 15 0 6 215673508
-24 9 15 0 6 215673508
-24 10 15 0 6 215673508
-23 9 15 0 6 215673508
-23 10 15 0 6 215673508
-22 9 15 0 6 215673508
-22 10 13 0 6 215673508
-20 9 9 0 6 215786841
-29 8 15 0 6 215673508
-28 8 15 0 6 215673508
-27 8 15 0 6 215673508
-26 8 15 0 6 215673508
-25 8 15 0 6 215673508
-24 8 15 0 6 215673508
-23 8 15 0 6 215673508
-22 8 13 0 6 215673508
-20 8 6 0 6 215786825
-19 8 9 0 6 215786786
-22 7 13 0 6 215785131
-29 7 15 0 6 215673508
-28 7 14 0 6 215673508
-27 7 14 0 6 215673508
-26 7 14 0 6 215673508
-25 7 14 0 6 215673508
-24 7 14 0 6 215673508
-23 7 14 0 6 215673508
-19 7 4 0 6 215786771
-22 6 5 0 6 215785057
-29 6 4 0 6 215782910
-22 5 5 0 6 215785003
-22 4 6 0 6 215784914
-21 4 10 0 6 215784893
-20 4 10 0 6 215784831
-19 4 10 0 6 215784786
-18 4 8 0 6 215784693
-15 10 7 3 0 48601669
-14 10 15 3 0 48601669
-13 10 15 3 0 48601669
-12 10 15 3 0 48601669
-11 10 15 3 0 48601669
-10 10 15 3 0 48601669
-9 10 15 3 0 48601669
-15 9 7 0 0 47964410
-14 9 15 0 0 47964410
-13 9 15 0 0 47964410
-12 9 15 0 0 47964410
-11 9 15 0 0 47964410
-10 9 15 0 0 47964410
-9 9 15 0 0 47964410
-8 10 15 3 0 48601669
-8 9 15 0 0 47964410
-16 8 3 3 0 48588551
-15 8 15 0 0 47964410
-14 8 15 0 0 47964410
-13 8 15 0 0 47964410
-12 8 15 0 0 47964410
-11 8 15 0 0 47964410
-10 8 15 0 0 47964410
-9 8 15 0 0 47964410
-8 8 15 0 0 47964410
-16 7 7 3 0 48588449
-15 7 15 0 0 47964410
-14 7 15 0 0 47964410
-13 7 15 0 0 47964410
-12 7 15 0 0 47964410
-11 7 15 0 0 47964410
-10 7 15 0 0 47964410
-9 7 15 0 0 47964410
-8 7 14 0 0 47964410
-11 6 15 0 0 139759988
-16 6 7 3 0 48588368
-15 6 15 0 0 47964410
-14 6 15 0 0 47964410
-13 6 15 0 0 47964410
-12 6 15 0 0 47964410
-10 6 15 0 0 47964410
-9 6 13 0 0 47964410
-16 5 7 3 0 48588299
-15 5 15 0 0 47964410
-14 5 15 0 0 47964410
-13 5 15 0 0 47964410
-12 5 15 0 0 47964410
-11 5 15 0 0 47964410
-16 4 7 3 0 48588217
-15 4 15 0 0 47964410
-14 4 15 0 0 47964410
-13 4 15 0 0 47964410
-12 4 15 0 0 47964410
-11 4 15 0 0 47964410
-10 5 15 0 0 47964410
-9 5 13 0 0 47964410
-10 4 15 0 0 47964410
-9 4 13 0 0 47964410
-7 10 15 3 0 48601669
-7 9 15 0 0 47964410
-7 8 15 0 0 47964410
-7 7 14 0 0 47964410
-7 5 2 0 0 47964410
-16 3 6 3 0 48588167
-28 1 1 5 2 48026272
-28 0 13 5 2 48026306
-29 0 3 5 2 48026168
-24 0 0 5 2 48026703
-20 0 0 5 2 48026972
-16 1 3 3 0 48588051
-16 0 6 3 0 48588034
-29 -1 7 5 2 48026098
-29 -2 15 5 2 48026029
-25 -1 1 5 2 48026556
-27 -1 9 5 2 48026381
-28 -1 15 5 2 48026343
-23 -1 3 5 2 48026739
-22 -1 11 5 2 48026772
-21 -1 9 5 2 48026857
-25 -2 15 5 2 48026523
-26 -2 11 5 2 48026416
-28 -2 15 5 2 48016995
-27 -2 15 5 2 48016995
-24 -2 11 5 2 48016995
-23 -2 15 5 2 48016995
-22 -2 15 5 2 48016995
-21 -2 15 5 2 48026803
-19 -1 3 5 2 48027046
-20 -2 11 5 2 48016995
-19 -2 15 5 2 48016995
-18 -1 9 5 2 48027293
-18 -2 15 5 2 48027076
-17 -2 11 5 2 48027494
-16 -2 11 5 2 48016995
-15 3 15 0 0 47964410
-14 3 15 0 0 47964410
-13 3 15 0 0 47964410
-12 3 15 0 0 47964410
-11 3 15 0 0 47964410
-10 3 15 0 0 47964410
-9 3 15 0 0 47964410
-8 3 11 0 0 47964410
-15 2 7 3 0 48588134
-14 2 15 0 0 47964410
-13 2 15 0 0 47964410
-12 2 15 0 0 47964410
-11 2 15 0 0 47964410
-10 2 15 0 0 47964410
-9 2 15 0 0 47964410
-8 2 15 0 0 47964410
-15 1 15 3 0 48588084
-14 1 15 0 0 47964410
-13 1 15 0 0 47964410
-12 1 15 0 0 47964410
-11 1 15 0 0 47964410
-15 0 15 0 0 47964410
-14 0 15 0 0 47964410
-13 0 15 0 0 47964410
-12 0 15 0 0 47964410
-11 0 15 0 0 47964410
-10 1 15 0 0 47964410
-10 0 15 0 0 47964410
-9 1 15 0 0 47964410
-9 0 15 0 0 47964410
-8 1 15 0 0 47964410
-8 0 15 0 0 47964410
-7 3 11 0 0 47964410
-7 2 15 0 0 47964410
-7 1 15 0 0 47964410
-7 0 15 0 0 47964410
-15 -1 6 0 0 47964410
-14 -1 14 0 0 47964410
-13 -1 14 0 0 47964410
-12 -1 14 0 0 47964410
-11 -1 15 0 0 47964410
-15 -2 11 5 2 48016995
-11 -2 6 3 0 48589425
-14 -2 9 5 2 48016995
-10 -1 15 0 0 47964410
-9 -1 15 0 0 47964410
-8 -1 15 0 0 47964410
-8 -2 14 3 0 48589602
-9 -2 14 3 0 48589551
-10 -2 14 3 0 48589516
-7 -1 15 0 0 47964410
-7 -2 14 3 0 48589717
-1 32 8 4 7 215919816
-2 32 10 4 7 215919755
-3 32 3 4 7 215919691
-3 31 12 4 7 215919611
-4 31 10 4 7 215919584
-5 31 10 4 7 215919469
-6 31 2 4 7 215919440
-6 26 15 0 7 215818173
-6 27 15 0 7 215818173
-6 28 15 0 7 215818173
-6 29 11 0 7 215818173
-5 26 15 0 7 215818173
-5 27 15 0 7 215818173
-5 28 15 0 7 215818173
-5 29 11 0 7 215818173
-4 26 15 0 7 215818173
-4 27 15 0 7 215818173
-4 28 15 0 7 215818173
-4 29 11 0 7 215818173
-3 26 15 0 7 215818173
-3 27 15 0 7 215818173
-3 28 15 0 7 215818173
-3 29 11 0 7 215818173
-2 26 15 0 7 215818173
-2 27 15 0 7 215818173
-2 28 15 0 7 215818173
-2 29 11 0 7 215818173
-1 26 15 0 7 215818173
-1 27 15 0 7 215818173
-1 28 15 0 7 215818173
-1 29 11 0 7 215818173
-1 25 13 4 7 215921231
-6 25 15 0 7 215817147
-5 25 15 0 7 215817147
-4 25 15 0 7 215817147
-3 25 15 0 7 215817147
-2 25 15 0 7 215817147
-1 24 14 4 7 215921181
-6 24 15 0 7 215817147
-5 24 15 0 7 215817147
-4 24 15 0 7 215817147
-3 24 15 0 7 215817147
-2 24 15 0 7 215817147
-6 22 15 0 7 215817147
-6 23 15 0 7 215817147
-5 22 15 0 7 215817147
-5 23 15 0 7 215817147
-4 22 15 0 7 215817147
-4 23 15 0 7 215817147
-3 22 15 0 7 215817147
-3 23 15 0 7 215817147
-2 22 13 0 7 215817147
-2 23 13 0 7 215817147
-1 21 10 4 7 215924540
-2 21 14 4 7 215924497
-3 21 14 4 7 215924424
-6 21 15 0 7 215817147
-5 21 15 0 7 215817147
-4 21 15 0 7 215817147
0 30 7 4 7 215919880
0 31 1 4 7 215919849
0 26 14 0 7 215818173
0 27 15 0 7 215818173
0 28 15 0 7 215818173
0 29 15 0 7 215818173
1 30 11 4 7 215919931
1 26 14 0 7 215818173
1 27 15 0 7 215818173
1 28 15 0 7 215818173
1 29 15 0 7 215818173
5 26 13 4 7 215920656
5 27 15 4 7 215920625
6 27 10 4 7 215920598
7 27 11 4 7 215920550
7 26 4 4 7 215920523
9 26 1 4 7 215920321
8 27 8 4 7 215920291
7 29 4 4 7 215920256
7 30 1 4 7 215920223
6 31 8 4 7 215920199
5 31 2 4 7 215920148
4 30 9 4 7 215920102
3 30 11 4 7 215920029
3 29 15 4 7 215920001
2 30 11 4 7 215919967
2 26 14 0 7 215818173
2 27 15 0 7 215818173
2 28 15 0 7 215818173
2 29 15 0 7 215818173
3 26 14 0 7 215818173
3 27 15 0 7 215818173
3 28 15 0 7 215818173
4 26 15 0 7 215818173
4 27 15 0 7 215818173
4 28 15 0 7 215818173
4 29 15 0 7 215818173
5 28 13 0 7 215818173
5 29 9 0 7 215818173
14 26 7 0 5 139453466
14 27 7 0 5 139453447
14 28 3 0 5 139453431
4 25 7 4 7 215920711
5 25 12 4 7 215920682
8 25 2 4 7 215920488
9 25 12 4 7 215920457
14 25 6 0 5 139453480
0 24 11 4 7 215921066
1 24 10 4 7 215920936
2 24 11 4 7 215920903
3 24 10 4 7 215920873
4 24 12 4 7 215920774
2 23 4 4 7 215926033
3 22 2 4 7 215925473
4 22 10 4 7 215925449
5 22 8 4 7 215925395
0 22 5 4 7 215924710
0 23 5 4 7 215921153
0 21 12 4 7 215924705
15 28 9 0 5 139453764
15 27 15 0 5 139453673
15 26 13 0 5 139453651
15 25 13 0 5 139453630
15 24 5 0 5 139453615
15 23 4 0 5 139453597
-4 20 12 4 7 215924405
-5 20 14 4 7 215924361
-6 20 14 4 7 215924315
-6 18 11 3 0 48601669
-5 18 11 3 0 48601669
-4 18 11 3 0 48601669
-3 18 11 3 0 48601669
-2 18 11 3 0 48601669
-1 18 11 3 0 48601669
0 18 11 3 0 48601669
-6 17 15 3 0 48601669
-5 17 15 3 0 48601669
-4 17 15 3 0 48601669
-3 17 15 3 0 48601669
-2 17 15 3 0 48601669
-1 17 15 3 0 48601669
0 17 15 3 0 48601669
-6 15 15 3 0 48601669
-6 16 15 3 0 48601669
-5 15 15 3 0 48601669
-5 16 15 3 0 48601669
-4 15 15 3 0 48601669
-4 16 15 3 0 48601669
-3 15 15 3 0 48601669
-3 16 15 3 0 48601669
-2 15 15 3 0 48601669
-2 16 15 3 0 48601669
-1 15 15 3 0 48601669
-1 16 15 3 0 48601669
0 15 15 3 0 48601669
0 16 15 3 0 48601669
1 18 11 3 0 48601669
1 17 15 3 0 48601669
1 15 15 3 0 48601669
1 16 15 3 0 48601669
-6 14 15 3 0 48601669
-5 14 15 3 0 48601669
-4 14 15 3 0 48601669
-3 14 15 3 0 48601669
-2 14 15 3 0 48601669
-1 14 15 3 0 48601669
0 14 15 3 0 48601669
1 14 15 3 0 48601669
2 18 11 3 0 48601669
3 18 11 3 0 48601669
4 18 11 3 0 48601669
5 18 11 3 0 48601669
6 18 11 3 0 48601669
7 18 11 3 0 48601669
8 18 11 3 0 48601669
9 18 11 3 0 48601669
10 18 11 3 0 48601669
11 18 9 3 0 48601669
2 17 15 3 0 48601669
3 17 15 3 0 48601669
4 17 15 3 0 48601669
5 17 15 3 0 48601669
6 17 15 3 0 48601669
7 17 15 3 0 48601669
8 17 15 3 0 48601669
9 17 15 3 0 48601669
10 17 15 3 0 48601669
11 17 13 3 0 48601669
2 15 15 3 0 48601669
2 16 15 3 0 48601669
3 15 15 3 0 48601669
3 16 15 3 0 48601669
4 15 15 3 0 48601669
4 16 15 3 0 48601669
5 15 15 3 0 48601669
5 16 15 3 0 48601669
6 15 15 3 0 48601669
6 16 15 3 0 48601669
7 15 15 3 0 48601669
7 16 15 3 0 48601669
8 15 15 3 0 48601669
8 16 15 3 0 48601669
9 16 15 3 0 48601669
9 15 15 3 0 48601669
10 16 15 3 0 48601669
10 15 15 3 0 48601669
11 16 13 3 0 48601669
11 15 13 3 0 48601669
15 17 2 1 5 139192318
15 15 0 1 5 139191585
2 14 15 3 0 48601669
3 14 15 3 0 48601669
4 14 15 3 0 48601669
5 14 15 3 0 48601669
6 14 15 3 0 48601669
7 14 15 3 0 48601669
8 14 15 3 0 48601669
9 14 15 3 0 48601669
10 14 15 3 0 48601669
11 14 13 3 0 48601669
16 27 8 0 5 139453785
16 31 2 0 5 139452587
17 26 2 0 5 139453815
17 28 2 0 5 139453265
17 30 4 0 5 139452630
17 31 11 0 5 139452513
18 25 6 0 5 139453832
18 28 14 0 5 139453248
18 29 3 0 5 139453014
18 31 10 0 5 139452064
18 26 11 0 5 139440681
20 26 15 0 5 139454047
19 26 15 0 5 139453965
19 25 15 0 5 139453933
19 28 15 0 5 139453230
20 28 15 0 5 139453213
20 29 15 0 5 139453198
21 29 15 0 5 139453167
21 30 15 0 5 139453147
20 30 15 0 5 139453064
19 29 15 0 5 139453030
21 28 15 0 5 139452831
19 30 7 0 5 139452648
19 31 11 0 5 139452507
21 31 11 0 5 139452198
20 31 11 0 5 139452031
19 27 7 0 5 139440713
20 25 15 0 5 139441083
20 27 15 0 5 139440731
21 27 15 0 5 139441733
21 25 14 0 5 139441097
21 26 15 0 5 139440280
22 29 15 0 5 139452664
22 31 9 0 5 139452483
22 30 15 0 5 139451751
22 27 15 0 5 139444859
22 28 15 0 5 139442550
22 26 15 0 5 139441682
22 25 14 0 5 139440764
23 30 11 0 5 139451765
23 29 15 0 5 139448332
23 28 15 0 5 139442614
23 27 15 0 5 139442515
23 25 15 0 5 139441663
23 26 15 0 5 139440381
24 28 15 0 5 139452814
25 28 15 0 5 139452797
24 29 15 0 5 139452682
24 31 3 0 5 139452465
25 31 11 0 5 139451997
24 30 15 0 5 139451782
25 30 15 0 5 139451616
24 27 15 0 5 139442499
24 26 15 0 5 139442100
24 25 15 0 5 139441365
25 29 15 0 5 139448364
25 27 15 0 5 139444462
25 26 15 0 5 139442484
25 25 15 0 5 139441649
19 24 6 0 5 139441032
20 24 13 0 5 139441015
23 24 7 0 5 139445218
24 24 15 0 5 139440782
25 24 15 0 5 139441131
20 23 5 0 5 139440998
22 23 3 0 5 139440636
23 23 14 0 5 139445231
24 23 15 0 5 139445264
25 23 14 0 5 139445286
18 22 3 0 5 139439114
19 22 11 0 5 139439148
20 22 15 0 5 139440031
21 22 11 0 5 139438763
22 22 13 0 5 139440981
24 22 5 0 5 139440236
26 28 15 0 5 139452787
26 29 15 0 5 139452699
26 31 11 0 5 139452448
26 30 15 0 5 139451797
26 27 15 0 5 139442981
26 26 15 0 5 139441818
27 28 15 0 5 139452730
27 31 11 0 5 139451988
27 27 15 0 5 139450698
27 29 15 0 5 139448397
27 30 15 0 5 139447881
27 26 15 0 5 139442930
28 31 11 0 5 139452434
28 30 15 0 5 139451814
28 27 15 0 5 139450739
28 28 15 0 5 139450598
28 29 15 0 5 139450364
28 26 15 0 5 139443647
30 31 9 0 5 139452414
32 30 11 0 5 139452404
33 30 11 0 5 139452381
34 30 9 0 5 139452365
30 30 15 0 5 139452249
31 30 10 0 5 139451948
29 30 15 0 5 139451817
34 29 15 0 5 139451548
35 29 11 0 5 139451515
36 29 8 0 5 139451449
33 29 15 0 5 139451380
32 29 7 0 5 139451369
29 31 11 0 5 139451123
34 28 15 0 5 139451033
35 28 13 0 5 139451015
35 27 15 0 5 139451003
34 27 15 0 5 139450935
33 27 15 0 5 139450897
32 27 15 0 5 139450865
31 27 15 0 5 139450831
30 27 15 0 5 139450798
29 27 15 0 5 139450767
30 28 15 0 5 139450397
29 28 15 0 5 139450381
32 26 14 0 5 139450165
31 28 11 0 5 139450014
33 26 15 0 5 139449882
35 26 15 0 5 139449648
34 26 15 0 5 139449630
36 26 13 0 5 139449248
30 29 13 0 5 139448519
29 29 15 0 5 139448497
32 28 15 0 5 139447435
31 26 15 0 5 139446963
36 27 9 0 5 139446714
38 26 2 0 5 139446699
39 26 8 0 5 139446681
33 28 15 0 5 139446322
30 26 15 0 5 139443088
29 26 15 0 5 139442682
26 25 15 0 5 139444081
27 25 15 0 5 139442464
28 25 15 0 5 139445976
33 25 6 0 5 139450147
34 25 14 0 5 139449531
36 25 12 0 5 139449265
35 25 15 0 5 139449149
29 25 15 0 5 139443281
30 25 15 0 5 139443264
31 25 13 0 5 139443097
26 24 15 0 5 139442065
27 24 14 0 5 139441631
28 24 15 0 5 139441846
37 24 0 0 5 139449280
35 24 5 0 5 139448681
31 24 15 0 5 139443250
32 24 9 0 5 139443231
30 24 15 0 5 139442897
29 24 15 0 5 139442446
26 23 13 0 5 139441317
34 23 2 0 5 139449866
35 23 15 0 5 139449664
28 23 7 0 5 139445682
36 23 9 0 5 139448697
29 23 15 0 5 139445953
31 23 14 0 5 139442880
32 23 12 0 5 139442864
30 23 15 0 5 139441864
26 22 4 0 5 139445310
35 22 7 0 5 139449847
36 22 13 0 5 139449682
38 22 0 0 5 139449298
30 22 13 0 5 139445715
28 22 7 0 5 139445631
33 22 1 0 5 139442847
29 22 15 0 5 139442034
18 21 7 0 5 139439098
18 20 6 0 5 139439463
19 21 15 0 5 139438397
20 21 14 0 5 139439163
21 21 15 0 5 139439932
19 20 13 0 5 139439080
21 20 6 0 5 139438434
19 19 7 0 5 139439480
20 19 9 0 5 139439065
22 21 13 0 5 139438814
22 20 15 0 5 139440049
22 19 7 0 5 139438265
23 20 11 0 5 139439914
23 19 15 0 5 139439748
24 21 5 0 5 139440963
24 20 13 0 5 139438833
24 19 12 0 5 139440064
26 20 0 0 5 139440948
16 18 3 1 5 139192369
17 18 10 1 5 139192396
18 18 10 1 5 139192052
19 18 15 1 5 139192085
20 18 15 0 5 139437735
21 18 10 0 5 139439050
22 18 15 0 5 139437797
23 18 13 0 5 139439649
25 18 0 0 5 139439887
16 17 13 1 5 139192301
19 17 7 1 5 139192119
20 17 13 1 5 139191701
22 17 6 0 5 139439513
23 17 15 0 5 139439631
24 17 9 0 5 139439365
26 17 3 0 5 139439216
16 16 6 1 5 139192284
17 16 8 1 5 139192269
19 16 7 1 5 139192134
20 16 15 1 5 139192152
21 16 9 1 5 139191726
18 15 3 1 5 139192258
19 15 15 1 5 139192219
20 15 15 1 5 139192168
21 15 13 1 5 139191770
23 16 6 0 5 139439530
24 16 14 0 5 139439614
25 16 11 0 5 139439599
25 15 4 0 5 139439565
26 16 14 0 5 139439348
16 14 2 1 5 139191569
17 14 10 1 5 139191551
18 14 14 1 5 139191502
19 14 14 1 5 139191470
20 14 14 1 5 139191885
21 14 12 1 5 139191852
26 14 2 0 5 139437898
27 19 1 0 5 139440931
36 19 6 0 5 139449832
37 19 15 0 5 139449698
36 20 7 0 5 139449497
39 20 0 0 5 139449315
38 19 9 0 5 139448832
37 20 13 0 5 139448815
37 21 9 0 5 139448782
36 21 15 0 5 139448764
30 21 14 0 5 139445931
31 21 9 0 5 139445731
28 21 7 0 5 139445615
33 21 6 0 5 139442831
34 21 11 0 5 139442749
35 21 14 0 5 139442381
29 21 15 0 5 139441281
32 20 8 0 5 139445747
29 20 12 0 5 139445597
34 20 4 0 5 139442786
31 20 7 0 5 139441982
28 20 6 0 5 139440814
30 19 3 0 5 139445584
31 19 13 0 5 139445338
27 18 7 0 5 139440088
37 18 7 0 5 139449480
38 18 12 0 5 139448849
33 18 2 0 5 139445915
34 18 8 0 5 139445765
29 18 11 0 5 139440914
30 18 14 0 5 139440898
31 18 13 0 5 139440881
28 18 10 0 5 139440201
27 17 13 0 5 139439798
37 17 5 0 5 139449815
40 17 8 0 5 139449335
39 17 3 0 5 139448864
31 17 4 0 5 139445565
29 17 4 0 5 139440170
37 16 6 0 5 139449797
38 16 11 0 5 139449782
39 15 14 0 5 139449447
39 16 13 0 5 139448881
34 16 11 0 5 139445898
35 16 9 0 5 139445780
32 16 3 0 5 139440569
33 16 11 0 5 139440467
30 16 0 0 5 139440148
27 16 14 0 5 139439864
28 16 9 0 5 139439849
40 15 9 0 5 139449348
38 15 6 0 5 139449081
35 15 14 0 5 139445881
36 15 9 0 5 139445797
32 15 6 0 5 139445547
34 15 14 0 5 139445380
33 15 14 0 5 139440549
28 15 7 0 5 139439335
29 15 9 0 5 139439313
40 14 5 0 5 139449433
36 14 6 0 5 139445865
37 14 8 0 5 139445853
29 14 14 0 5 139439297
30 14 8 0 5 139439281
28 14 15 0 5 139438880
27 14 11 0 5 139437914
-6 13 15 3 0 48601669
-5 13 15 3 0 48601669
-4 13 15 3 0 48601669
-6 12 15 3 0 48601669
-5 12 15 3 0 48601669
-4 12 15 3 0 48601669
-3 13 15 3 0 48601669
-2 13 15 3 0 48601669
-1 13 15 3 0 48601669
-3 12 15 3 0 48601669
-2 12 15 3 0 48601669
-1 12 15 3 0 48601669
-6 11 15 3 0 48601669
-5 11 15 3 0 48601669
-4 11 15 3 0 48601669
-3 11 15 3 0 48601669
-2 11 15 3 0 48601669
-1 11 15 3 0 48601669
-6 10 15 3 0 48601669
-5 10 15 3 0 48601669
-4 10 15 3 0 48601669
-3 10 15 3 0 48601669
-2 10 15 3 0 48601669
-1 10 15 3 0 48601669
-6 9 15 0 0 47964410
-5 9 15 0 0 47964410
-4 9 15 0 0 47964410
-3 9 15 0 0 47964410
-2 9 15 0 0 47964410
-1 9 15 0 0 47964410
0 13 15 3 0 48601669
0 12 15 3 0 48601669
0 11 15 3 0 48601669
0 10 15 3 0 48601669
0 9 15 0 0 47964410
-6 8 15 0 0 47964410
-6 7 14 0 0 47964410
-5 8 15 0 0 47964410
-4 8 15 0 0 47964410
-5 7 15 0 0 47964410
-4 7 15 0 0 47964410
-3 8 15 0 0 47964410
-2 8 14 0 0 47964410
-1 8 14 0 0 47964410
-3 7 12 0 0 47964410
0 8 15 0 0 47964410
0 7 6 0 0 47964410
1 13 15 3 0 48601669
1 12 15 3 0 48601669
1 11 15 3 0 48601669
1 10 15 3 0 48601669
1 9 15 0 0 47964410
1 8 15 0 0 47964410
1 7 14 0 0 47964410
-5 6 6 0 0 47964410
-4 6 12 0 0 47964410
-2 6 0 0 0 47964410
-6 5 9 0 0 47964410
0 5 3 0 0 47964410
1 5 9 0 0 47964410
2 13 15 3 0 48601669
3 13 15 3 0 48601669
2 12 15 3 0 48601669
3 12 15 3 0 48601669
4 13 15 3 0 48601669
5 13 15 3 0 48601669
4 12 15 3 0 48601669
5 12 15 3 0 48601669
6 13 15 3 0 48601669
7 13 15 3 0 48601669
6 12 15 3 0 48601669
7 12 15 3 0 48601669
8 13 15 3 0 48601669
8 12 15 3 0 48601669
2 11 15 3 0 48601669
3 11 15 3 0 48601669
4 11 15 3 0 48601669
5 11 15 3 0 48601669
6 11 15 3 0 48601669
7 11 15 3 0 48601669
8 11 15 3 0 48601669
2 10 15 3 0 48601669
3 10 15 3 0 48601669
4 10 15 3 0 48601669
5 10 14 3 0 48601669
6 10 15 3 0 48601669
7 10 15 3 0 48601669
8 10 15 3 0 48601669
9 13 15 3 0 48601669
9 12 15 3 0 48601669
9 11 15 3 0 48601669
9 10 15 3 0 48601669
2 9 15 0 0 47964410
3 9 15 0 0 47964410
4 9 13 0 0 47964410
6 9 6 0 0 47964410
7 9 15 0 0 47964410
8 9 15 0 0 47964410
9 9 15 0 0 47964410
10 13 15 3 0 48601669
10 12 15 3 0 48601669
10 11 15 3 0 48601669
10 10 15 3 0 48601669
10 9 15 0 0 47964410
11 13 13 3 0 48601669
11 12 13 3 0 48601669
11 11 13 3 0 48601669
11 10 13 3 0 48601669
11 9 13 0 0 47964410
2 8 15 0 0 47964410
2 7 15 0 0 47964410
3 8 15 0 0 47964410
3 7 15 0 0 47964410
4 8 15 0 0 47964410
4 7 15 0 0 47964410
5 8 9 0 0 47964410
5 7 15 0 0 47964410
6 7 9 0 0 47964410
7 8 6 0 0 47964410
8 8 15 0 0 47964410
8 7 7 0 0 47964410
9 8 15 0 0 47964410
9 7 15 0 0 47964410
10 8 15 0 0 47964410
10 7 15 0 0 47964410
2 6 6 0 0 47964410
3 6 15 0 0 47964410
4 6 15 0 0 47964410
5 6 15 0 0 47964410
6 6 12 0 0 47964410
8 6 7 0 0 47964410
3 5 7 0 0 47964410
4 5 14 0 0 47964410
5 5 12 0 0 47964410
7 5 3 0 0 47964410
8 5 15 0 0 47964410
9 6 15 0 0 47964410
9 5 15 0 0 47964410
10 6 15 0 0 47964410
10 5 15 0 0 47964410
11 8 13 0 0 47964410
11 7 15 0 0 47964410
11 6 15 0 0 47964410
12 7 9 3 0 48585376
12 6 13 3 0 48585261
11 5 15 0 0 47964410
12 5 13 3 0 48585161
-6 4 7 0 0 47964410
-5 4 11 0 0 47964410
-4 4 11 0 0 47964410
-3 4 11 0 0 47964410
-2 4 11 0 0 47964410
-1 4 11 0 0 47964410
-6 3 15 0 0 47964410
-5 3 15 0 0 47964410
-4 3 15 0 0 47964410
-3 3 15 0 0 47964410
-2 3 15 0 0 47964410
-1 3 15 0 0 47964410
-6 2 15 0 0 47964410
-5 2 15 0 0 47964410
-4 2 15 0 0 47964410
-3 2 15 0 0 47964410
-2 2 15 0 0 47964410
-1 2 15 0 0 47964410
0 4 15 0 0 47964410
0 3 15 0 0 47964410
0 2 15 0 0 47964410
-6 1 15 0 0 47964410
-5 1 15 0 0 47964410
-4 1 15 0 0 47964410
-3 1 15 0 0 47964410
-2 1 15 0 0 47964410
-6 0 15 0 0 47964410
-5 0 15 0 0 47964410
-4 0 15 0 0 47964410
-3 0 15 0 0 47964410
-2 0 15 0 0 47964410
-1 1 15 0 0 47964410
-1 0 15 0 0 47964410
0 1 15 0 0 47964410
0 0 15 0 0 47964410
1 4 15 0 0 47964410
1 3 15 0 0 47964410
1 2 15 0 0 47964410
1 1 15 0 0 47964410
1 0 15 0 0 47964410
-6 -1 15 0 0 47964410
-5 -1 14 0 0 47964410
-4 -1 14 0 0 47964410
-3 -1 14 0 0 47964410
-2 -1 14 0 0 47964410
-1 -1 14 0 0 47964410
-6 -2 12 3 0 48589745
0 -1 14 0 0 47964410
1 -1 14 0 0 47964410
2 4 11 0 0 47964410
3 4 13 0 0 47964410
7 4 6 0 0 47964410
8 4 15 0 0 47964410
9 4 15 0 0 47964410
2 3 15 0 0 47964410
3 3 13 0 0 47964410
8 3 7 0 0 47964410
9 3 15 0 0 47964410
2 2 15 0 0 47964410
3 2 15 0 0 47964410
4 2 9 0 0 47964410
6 2 2 0 0 47964410
7 2 11 0 0 47964410
8 2 15 0 0 47964410
9 2 15 0 0 47964410
10 4 15 0 0 47964410
10 3 15 0 0 47964410
10 2 15 0 0 47964410
2 1 15 0 0 47964410
2 0 15 0 0 47964410
3 1 15 0 0 47964410
3 0 15 0 0 47964410
4 1 13 0 0 47964410
4 0 15 0 0 47964410
7 1 7 0 0 47964410
8 1 15 0 0 47964410
9 1 15 0 0 47964410
5 0 11 0 0 47964410
6 0 11 0 0 47964410
7 0 15 0 0 47964410
8 0 15 0 0 47964410
9 0 15 0 0 47964410
10 1 15 0 0 47964410
10 0 15 0 0 47964410
11 4 15 0 0 47964410
12 4 13 3 0 48585095
12 3 13 3 0 48585044
11 3 15 0 0 47964410
12 2 13 3 0 48584986
11 2 15 0 0 47964410
12 1 13 3 0 48584934
11 1 15 0 0 47964410
12 0 14 3 0 48584854
11 0 15 0 0 47964410
2 -1 14 0 0 47964410
3 -1 14 0 0 47964410
4 -1 14 0 0 47964410
5 -1 14 0 0 47964410
6 -1 14 0 0 47964410
7 -1 14 0 0 47964410
8 -1 14 0 0 47964410
9 -1 14 0 0 47964410
10 -1 14 0 0 47964410
10 -2 3 3 3 48613659
11 -1 12 0 0 47964410
11 -2 11 3 3 48613659
12 -2 11 3 3 48613659
40 13 4 0 5 139449398
33 13 0 0 5 139445531
35 13 1 0 5 139445401
27 13 6 0 5 139438998
28 13 13 0 5 139438197
41 12 1 0 5 139448915
34 12 3 0 5 139445514
35 12 13 0 5 139445420
28 12 6 0 5 139438980
29 12 10 0 5 139438969
30 12 11 0 5 139438918
31 12 9 0 5 139438617
41 11 4 0 5 139449049
34 11 15 0 5 139445500
35 11 13 0 5 139445445
30 11 6 0 5 139438950
32 11 11 0 5 139438599
33 11 11 0 5 139438516
31 11 15 0 5 139438165
42 10 0 0 5 139449031
34 10 14 0 5 139445483
35 10 12 0 5 139445464
33 10 15 0 5 139438580
32 10 15 0 5 139438147
31 10 6 0 5 139437983
32 9 6 0 5 139438130
33 9 13 0 5 139438114
33 8 4 0 5 139438065
26 5 1 0 0 139779004
27 4 8 0 0 139779088
26 4 6 0 0 139779055
24 3 3 3 3 48616494
25 3 11 3 3 48616494
26 3 11 3 3 48616494
27 3 11 3 3 48616494
28 3 11 3 3 48616494
24 2 7 3 3 48616494
25 2 15 3 3 48616494
26 2 15 3 3 48616494
27 2 15 3 3 48616494
28 2 15 3 3 48616494
29 3 11 3 3 48616494
30 3 11 3 3 48616494
31 3 11 3 3 48616494
32 3 11 3 3 48616494
33 3 11 3 3 48616494
34 3 11 3 3 48616494
35 3 11 3 3 48616494
36 3 11 3 3 48616494
37 3 11 3 3 48616494
38 3 11 3 3 48616494
39 3 11 3 3 48616494
40 3 9 3 3 48616494
29 2 15 3 3 48616494
30 2 15 3 3 48616494
31 2 15 3 3 48616494
32 2 15 3 3 48616494
33 2 15 3 3 48616494
34 2 15 3 3 48616494
35 2 15 3 3 48616494
36 2 15 3 3 48616494
37 2 15 3 3 48616494
38 2 15 3 3 48616494
39 2 15 3 3 48616494
40 2 13 3 3 48616494
13 0 9 3 0 48584788
24 1 7 3 3 48616494
25 1 15 3 3 48616494
26 1 15 3 3 48616494
27 1 15 3 3 48616494
28 1 15 3 3 48616494
24 0 7 3 3 48616494
25 0 15 3 3 48616494
26 0 15 3 3 48616494
27 0 15 3 3 48616494
28 0 15 3 3 48616494
13 -1 6 3 0 48584779
14 -1 8 3 0 48584687
13 -2 11 3 3 48613659
14 -2 11 3 3 48613659
15 -2 11 3 3 48613659
16 -2 11 3 3 48613659
17 -2 11 3 3 48613659
18 -2 11 3 3 48613659
19 -2 11 3 3 48613659
20 -2 11 3 3 48613659
24 -1 7 3 3 48616494
25 -1 15 3 3 48616494
26 -1 15 3 3 48616494
27 -1 15 3 3 48616494
24 -2 15 3 3 48616494
25 -2 15 3 3 48616494
26 -2 15 3 3 48616494
27 -2 15 3 3 48616494
21 -2 11 3 3 48613659
22 -2 11 3 3 48613659
23 -2 11 3 3 48613659
28 -1 15 3 3 48616494
28 -2 15 3 3 48616494
29 1 15 3 3 48616494
29 0 15 3 3 48616494
30 1 15 3 3 48616494
30 0 15 3 3 48616494
31 1 15 3 3 48616494
31 0 15 3 3 48616494
32 1 15 3 3 48616494
33 1 15 3 3 48616494
34 1 15 3 3 48616494
35 1 15 3 3 48616494
36 1 15 3 3 48616494
37 1 15 3 3 48616494
38 1 15 3 3 48616494
39 1 15 3 3 48616494
40 1 13 3 3 48616494
32 0 15 3 3 48616494
33 0 15 3 3 48616494
34 0 15 3 3 48616494
35 0 15 3 3 48616494
36 0 15 3 3 48616494
37 0 15 3 3 48616494
38 0 15 3 3 48616494
39 0 15 3 3 48616494
40 0 13 3 3 48616494
29 -1 15 3 3 48616494
29 -2 15 3 3 48616494
30 -1 15 3 3 48616494
30 -2 15 3 3 48616494
31 -1 15 3 3 48616494
32 -1 15 3 3 48616494
33 -1 15 3 3 48616494
34 -1 15 3 3 48616494
35 -1 15 3 3 48616494
36 -1 15 3 3 48616494
37 -1 15 3 3 48616494
38 -1 15 3 3 48616494
39 -1 15 3 3 48616494
40 -1 13 3 3 48616494
31 -2 15 3 3 48616494
32 -2 15 3 3 48616494
33 -2 15 3 3 48616494
34 -2 15 3 3 48616494
35 -2 15 3 3 48616494
36 -2 15 3 3 48616494
37 -2 15 3 3 48616494
38 -2 14 3 3 48616494
39 -2 14 3 3 48616494
40 -2 12 3 3 48616494
-36 -3 1 5 2 48029298
-30 -3 15 5 2 48025995
-31 -3 10 5 2 48025260
-32 -3 3 5 2 48025227
-36 -4 5 5 2 48029229
-30 -4 7 5 2 48025958
-32 -4 5 5 2 48024985
-36 -5 15 5 2 48029120
-35 -5 9 5 2 48028975
-37 -5 3 5 2 48028805
-31 -5 11 5 2 48025942
-32 -5 7 5 2 48025191
-30 -5 15 5 2 48025759
-35 -6 15 5 2 48028574
-34 -6 11 5 2 48028542
-31 -6 15 5 2 48025861
-32 -6 15 5 2 48025021
-33 -6 11 5 2 48024708
-36 -6 15 5 2 48024513
-37 -6 15 5 2 48024479
-38 -6 11 5 2 48024443
-39 -6 3 5 2 48024410
-30 -6 15 5 2 48019296
-31 -7 15 5 2 48025126
-39 -7 7 5 2 48024375
-37 -7 15 5 2 48024116
-38 -7 15 5 2 48019296
-36 -7 15 5 2 48019296
-35 -7 15 5 2 48019296
-34 -7 15 5 2 48019296
-33 -7 15 5 2 48019296
-32 -7 15 5 2 48019296
-30 -7 15 5 2 48019296
-39 -8 7 5 2 48024343
-36 -8 15 5 2 48024193
-38 -8 15 5 2 48019296
-37 -8 15 5 2 48019296
-35 -8 15 5 2 48019296
-34 -8 15 5 2 48019296
-33 -8 15 5 2 48019296
-32 -8 15 5 2 48019296
-37 -9 15 5 2 48024307
-36 -9 15 5 2 48024266
-41 -9 0 5 2 48024043
-39 -9 7 5 2 48019296
-38 -9 15 5 2 48019296
-35 -9 15 5 2 48019296
-34 -9 15 5 2 48019296
-33 -9 15 5 2 48019296
-32 -9 15 5 2 48019296
-31 -8 15 5 2 48019296
-31 -9 15 5 2 48019296
-30 -8 15 5 2 48019296
-30 -9 15 5 2 48019296
-29 -3 15 5 2 48025725
-29 -4 15 5 2 48025527
-29 -5 15 5 2 48016995
-29 -6 15 5 2 48019296
-29 -7 15 5 2 48019296
-28 -3 15 5 2 48025365
-27 -3 15 5 2 48016995
-26 -3 15 5 2 48016995
-25 -3 15 5 2 48016995
-24 -3 15 5 2 48016995
-28 -4 15 5 2 48025433
-27 -4 15 5 2 48016995
-26 -4 15 5 2 48016995
-25 -4 15 5 2 48016995
-24 -4 15 5 2 48016995
-23 -3 15 5 2 48016995
-23 -4 15 5 2 48016995
-22 -3 15 5 2 48016995
-22 -4 15 5 2 48016995
-21 -3 15 5 2 48016995
-21 -4 15 5 2 48016995
-28 -5 15 5 2 48016995
-27 -5 15 5 2 48016995
-26 -5 15 5 2 48016995
-25 -5 15 5 2 48016995
-24 -5 15 5 2 48016995
-23 -5 15 5 2 48016995
-22 -5 15 5 2 48016995
-21 -5 15 5 2 48016995
-28 -6 15 5 2 48019296
-27 -6 15 5 2 48019296
-26 -6 15 5 2 48019296
-25 -6 15 5 2 48019296
-24 -6 15 5 2 48019296
-23 -6 15 5 2 48016995
-22 -6 15 5 2 48016995
-21 -6 15 5 2 48016995
-28 -7 15 5 2 48019296
-27 -7 15 5 2 48019296
-26 -7 15 5 2 48019296
-25 -7 15 5 2 48019296
-24 -7 15 5 2 48019296
-23 -7 15 5 2 48016995
-22 -7 15 5 2 48016995
-21 -7 15 5 2 48016995
-29 -8 15 5 2 48019296
-29 -9 15 5 2 48019296
-28 -8 15 5 2 48019296
-27 -8 15 5 2 48019296
-26 -8 15 5 2 48019296
-25 -8 15 5 2 48019296
-24 -8 15 5 2 48019296
-23 -8 15 5 2 48016995
-28 -9 15 5 2 48019296
-27 -9 15 5 2 48019296
-26 -9 15 5 2 48019296
-25 -9 15 5 2 48019296
-24 -9 15 5 2 48019296
-23 -9 15 5 2 48016995
-22 -8 15 5 2 48016995
-22 -9 15 5 2 48016995
-21 -8 15 5 2 48016995
-21 -9 15 5 2 48016995
-42 -10 1 5 2 48024024
-32 -10 15 5 2 48023517
-39 -10 7 5 2 48019296
-38 -10 15 5 2 48019296
-37 -10 15 5 2 48019296
-36 -10 15 5 2 48019296
-35 -10 15 5 2 48019296
-34 -10 15 5 2 48019296
-33 -10 15 5 2 48019296
-43 -11 2 5 2 48023942
-42 -11 14 5 2 48023932
-41 -11 8 5 2 48023728
-40 -13 3 5 2 48023691
-40 -14 6 5 2 48023687
-39 -14 12 5 2 48023652
-38 -13 14 5 2 48023618
-36 -12 15 5 2 48023584
-34 -11 15 5 2 48023550
-33 -13 14 5 2 48022571
-33 -12 15 5 2 48022497
-39 -13 15 5 2 48019296
-39 -12 7 5 2 48019296
-39 -11 7 5 2 48019296
-38 -12 15 5 2 48019296
-38 -11 15 5 2 48019296
-37 -13 14 5 2 48019296
-37 -12 15 5 2 48019296
-37 -11 15 5 2 48019296
-36 -13 14 5 2 48019296
-36 -11 15 5 2 48019296
-35 -13 14 5 2 48019296
-35 -12 15 5 2 48019296
-35 -11 15 5 2 48019296
-34 -13 14 5 2 48019296
-34 -12 15 5 2 48019296
-33 -11 15 5 2 48019296
-32 -13 14 5 2 48019296
-32 -12 15 5 2 48019296
-32 -11 15 5 2 48019296
-31 -10 15 5 2 48019296
-31 -14 4 5 2 48022607
-31 -13 15 5 2 48019296
-31 -12 15 5 2 48019296
-31 -11 15 5 2 48019296
-36 -19 7 0 9 216143376
-36 -18 3 0 9 216143376
-35 -19 15 0 9 216143376
-35 -18 11 0 9 216143376
-34 -19 15 0 9 216143376
-34 -18 11 0 9 216143376
-33 -19 15 0 9 216143376
-33 -18 11 0 9 216143376
-32 -19 15 0 9 216143376
-32 -18 11 0 9 216143376
-31 -19 15 0 9 216143376
-31 -18 11 0 9 216143376
-30 -10 15 5 2 48019296
-29 -10 15 5 2 48023481
-27 -10 15 5 2 48023446
-24 -10 15 5 2 48023409
-28 -10 15 5 2 48019296
-26 -10 15 5 2 48019296
-25 -10 15 5 2 48019296
-23 -10 14 5 2 48016995
-22 -10 14 5 2 48016995
-21 -10 14 5 2 48016995
-30 -13 14 5 2 48019296
-30 -12 15 5 2 48019296
-30 -11 15 5 2 48019296
-29 -13 14 5 2 48019296
-29 -12 15 5 2 48019296
-29 -11 15 5 2 48019296
-23 -12 8 5 2 48022888
-24 -12 15 5 2 48022854
-25 -14 5 5 2 48022784
-28 -13 14 5 2 48019296
-28 -12 15 5 2 48019296
-28 -11 15 5 2 48019296
-27 -13 14 5 2 48019296
-27 -12 15 5 2 48019296
-27 -11 15 5 2 48019296
-26 -13 14 5 2 48019296
-26 -12 15 5 2 48019296
-26 -11 15 5 2 48019296
-25 -13 15 5 2 48019296
-25 -12 15 5 2 48019296
-25 -11 15 5 2 48019296
-24 -13 12 5 2 48019296
-24 -11 13 5 2 48019296
-22 -13 0 5 2 48022923
-30 -19 15 0 9 216143376
-30 -18 11 0 9 216143376
-29 -19 15 0 9 216143376
-29 -18 11 0 9 216143376
-28 -19 15 0 9 216143376
-28 -18 11 0 9 216143376
-27 -19 15 0 9 216143376
-27 -18 11 0 9 216143376
-26 -19 15 0 9 216143376
-26 -18 11 0 9 216143376
-25 -19 15 0 9 216143376
-25 -18 11 0 9 216143376
-24 -19 15 0 9 216143376
-24 -18 11 0 9 216143376
-23 -19 15 0 9 216143376
-23 -18 11 0 9 216143376
-22 -19 15 0 9 216143376
-22 -18 11 0 9 216143376
-25 -15 4 5 2 48022747
-28 -15 0 5 2 48022645
-21 -19 15 0 9 216143376
-21 -18 11 0 9 216143376
-20 -3 15 5 2 48016995
-20 -4 15 5 2 48016995
-20 -5 15 5 2 48016995
-20 -6 15 5 2 48016995
-19 -3 15 5 2 48016995
-19 -4 15 5 2 48016995
-19 -5 15 5 2 48016995
-19 -6 15 5 2 48016995
-18 -3 15 5 2 48016995
-18 -4 15 5 2 48016995
-18 -5 15 5 2 48016995
-18 -6 15 5 2 48016995
-17 -3 15 5 2 48016995
-16 -3 15 5 2 48016995
-17 -4 15 5 2 48016995
-16 -4 15 5 2 48016995
-15 -3 15 5 2 48016995
-14 -3 13 5 2 48016995
-12 -3 3 0 1 47975313
-11 -3 11 0 1 47975313
-15 -4 15 5 2 48016995
-14 -4 13 5 2 48016995
-12 -4 7 0 1 47975313
-11 -4 15 0 1 47975313
-17 -5 15 5 2 48016995
-16 -5 15 5 2 48016995
-15 -5 15 5 2 48016995
-14 -5 13 5 2 48016995
-12 -5 7 0 1 47975313
-11 -5 15 0 1 47975313
-17 -6 15 5 2 48016995
-16 -6 15 5 2 48016995
-15 -6 15 5 2 48016995
-14 -6 13 5 2 48016995
-12 -6 7 0 1 47975313
-11 -6 15 0 1 47975313
-20 -7 15 5 2 48016995
-20 -8 15 5 2 48016995
-20 -9 15 5 2 48016995
-19 -7 15 5 2 48016995
-19 -8 15 5 2 48016995
-19 -9 15 5 2 48016995
-18 -7 15 5 2 48016995
-18 -8 15 5 2 48016995
-18 -9 15 5 2 48016995
-17 -7 15 5 2 48016995
-17 -8 15 5 2 48016995
-17 -9 15 5 2 48016995
-16 -7 15 5 2 48016995
-15 -7 15 5 2 48016995
-14 -7 13 5 2 48016995
-12 -7 7 0 1 47975313
-11 -7 15 0 1 47975313
-16 -8 15 5 2 48016995
-15 -8 15 5 2 48016995
-14 -8 13 5 2 48016995
-12 -8 7 0 1 47975313
-11 -8 15 0 1 47975313
-16 -9 15 5 2 48016995
-15 -9 15 5 2 48016995
-14 -9 13 5 2 48016995
-12 -9 7 0 1 47975313
-11 -9 15 0 1 47975313
-10 -3 11 0 1 47975313
-9 -3 11 0 1 47975313
-10 -4 15 0 1 47975313
-9 -4 15 0 1 47975313
-10 -5 15 0 1 47975313
-9 -5 15 0 1 47975313
-10 -6 15 0 1 47975313
-9 -6 15 0 1 47975313
-8 -3 11 0 1 47975313
-8 -4 15 0 1 47975313
-8 -5 15 0 1 47975313
-8 -6 15 0 1 47975313
-7 -3 11 0 1 47975313
-7 -4 15 0 1 47975313
-7 -5 15 0 1 47975313
-7 -6 15 0 1 47975313
-6 -3 11 0 1 47975313
-5 -3 11 0 1 47975313
-4 -3 11 0 1 47975313
-3 -3 11 0 1 47975313
-2 -3 11 0 1 47975313
-6 -4 15 0 1 47975313
-5 -4 15 0 1 47975313
-4 -4 15 0 1 47975313
-3 -4 15 0 1 47975313
-2 -4 15 0 1 47975313
-6 -5 15 0 1 47975313
-5 -5 15 0 1 47975313
-4 -5 15 0 1 47975313
-3 -5 15 0 1 47975313
-2 -5 15 0 1 47975313
-6 -6 15 0 1 47975313
-5 -6 15 0 1 47975313
-4 -6 15 0 1 47975313
-3 -6 15 0 1 47975313
-2 -6 15 0 1 47975313
-10 -7 15 0 1 47975313
-10 -8 15 0 1 47975313
-10 -9 15 0 1 47975313
-9 -7 15 0 1 47975313
-9 -8 15 0 1 47975313
-9 -9 15 0 1 47975313
-8 -7 15 0 1 47975313
-8 -8 15 0 1 47975313
-8 -9 15 0 1 47975313
-7 -7 15 0 1 47975313
-7 -8 15 0 1 47975313
-7 -9 15 0 1 47975313
-6 -7 15 0 1 47975313
-6 -8 15 0 1 47975313
-6 -9 15 0 1 47975313
-5 -7 15 0 1 47975313
-4 -7 15 0 1 47975313
-3 -7 15 0 1 47975313
-2 -7 15 0 1 47975313
-5 -8 15 0 1 47975313
-4 -8 15 0 1 47975313
-3 -8 15 0 1 47975313
-2 -8 15 0 1 47975313
-5 -9 15 0 1 47975313
-4 -9 15 0 1 47975313
-3 -9 15 0 1 47975313
-2 -9 15 0 1 47975313
-20 -10 15 5 2 48023164
-19 -10 15 5 2 48016995
-18 -10 14 5 2 48016995
-17 -10 14 5 2 48016995
-20 -11 6 5 2 48023376
-20 -13 1 5 2 48023065
-20 -14 4 5 2 48022961
-19 -11 12 5 2 48023195
-18 -12 2 5 2 48023231
-17 -12 8 5 2 48023339
-16 -10 14 5 2 48016995
-15 -10 14 5 2 48016995
-14 -10 12 5 2 48016995
-12 -10 7 0 1 47975313
-11 -10 15 0 1 47975313
-12 -11 7 0 1 47975313
-11 -11 15 0 1 47975313
-12 -12 6 0 1 47975313
-11 -12 14 0 1 47975313
-16 -17 7 0 9 216144253
-16 -16 3 0 9 216144253
-15 -17 15 0 9 216144253
-15 -16 11 0 9 216144253
-14 -17 15 0 9 216144253
-14 -16 11 0 9 216144253
-13 -17 15 0 9 216144253
-13 -16 11 0 9 216144253
-12 -17 15 0 9 216144253
-12 -16 11 0 9 216144253
-20 -19 15 0 9 216143376
-20 -18 11 0 9 216143376
-19 -19 15 0 9 216143376
-19 -18 11 0 9 216143376
-18 -19 15 0 9 216143376
-18 -18 11 0 9 216143376
-17 -19 15 0 9 216143376
-17 -18 11 0 9 216143376
-16 -19 15 0 9 216143376
-16 -18 15 0 9 216143376
-15 -19 15 0 9 216143376
-15 -18 15 0 9 216143376
-14 -19 15 0 9 216143376
-14 -18 15 0 9 216143376
-13 -19 15 0 9 216143376
-13 -18 15 0 9 216143376
-12 -19 15 0 9 216143376
-12 -18 15 0 9 216143376
-11 -17 15 0 9 216144253
-11 -16 11 0 9 216144253
-11 -19 15 0 9 216143376
-11 -18 15 0 9 216143376
-10 -10 15 0 1 47975313
-10 -11 15 0 1 47975313
-10 -12 14 0 1 47975313
-9 -10 15 0 1 47975313
-8 -10 15 0 1 47975313
-9 -11 15 0 1 47975313
-8 -11 15 0 1 47975313
-7 -10 15 0 1 47975313
-7 -11 15 0 1 47975313
-6 -10 15 0 1 47975313
-6 -11 15 0 1 47975313
-9 -12 14 0 1 47975313
-8 -12 14 0 1 47975313
-7 -12 14 0 1 47975313
-6 -12 14 0 1 47975313
-5 -10 15 0 1 47975313
-4 -10 15 0 1 47975313
-3 -10 15 0 1 47975313
-2 -10 15 0 1 47975313
-5 -11 15 0 1 47975313
-4 -11 15 0 1 47975313
-3 -11 15 0 1 47975313
-2 -11 15 0 1 47975313
-5 -12 14 0 1 47975313
-4 -12 14 0 1 47975313
-3 -12 14 0 1 47975313
-2 -12 14 0 1 47975313
-10 -17 15 0 9 216144253
-10 -16 11 0 9 216144253
-9 -17 15 0 9 216144253
-9 -16 11 0 9 216144253
-8 -17 15 0 9 216144253
-8 -16 11 0 9 216144253
-7 -17 15 0 9 216144253
-7 -16 11 0 9 216144253
-6 -17 14 0 9 216144253
-6 -16 11 0 9 216144253
-5 -17 14 0 9 216144253
-5 -16 11 0 9 216144253
-4 -17 14 0 9 216144253
-4 -16 11 0 9 216144253
-3 -17 12 0 9 216144253
-3 -16 9 0 9 216144253
-10 -19 15 0 9 216143376
-10 -18 15 0 9 216143376
-9 -19 15 0 9 216143376
-9 -18 15 0 9 216143376
-8 -19 15 0 9 216143376
-8 -18 15 0 9 216143376
-7 -19 13 0 9 216143376
-7 -18 13 0 9 216143376
-36 -23 7 0 9 216143376
-36 -22 7 0 9 216143376
-36 -21 7 0 9 216143376
-36 -20 7 0 9 216143376
-35 -23 15 0 9 216143376
-35 -22 15 0 9 216143376
-35 -21 15 0 9 216143376
-35 -20 15 0 9 216143376
-34 -23 15 0 9 216143376
-34 -22 15 0 9 216143376
-34 -21 15 0 9 216143376
-34 -20 15 0 9 216143376
-33 -23 15 0 9 216143376
-33 -22 15 0 9 216143376
-33 -21 15 0 9 216143376
-33 -20 15 0 9 216143376
-32 -23 15 0 9 216143376
-32 -22 15 0 9 216143376
-32 -21 15 0 9 216143376
-32 -20 15 0 9 216143376
-31 -23 15 0 9 216143376
-31 -22 15 0 9 216143376
-31 -21 15 0 9 216143376
-31 -20 15 0 9 216143376
-30 -23 15 0 9 216143376
-30 -22 15 0 9 216143376
-30 -21 15 0 9 216143376
-30 -20 15 0 9 216143376
-29 -23 15 0 9 216143376
-29 -22 15 0 9 216143376
-29 -21 15 0 9 216143376
-29 -20 15 0 9 216143376
-28 -23 15 0 9 216143376
-28 -22 15 0 9 216143376
-28 -21 15 0 9 216143376
-28 -20 15 0 9 216143376
-36 -26 7 0 9 216143376
-36 -25 7 0 9 216143376
-36 -24 7 0 9 216143376
-35 -26 15 0 9 216143376
-35 -25 15 0 9 216143376
-35 -24 15 0 9 216143376
-34 -26 15 0 9 216143376
-34 -25 15 0 9 216143376
-34 -24 15 0 9 216143376
-33 -26 15 0 9 216143376
-33 -25 15 0 9 216143376
-33 -24 15 0 9 216143376
-32 -26 15 0 9 216143376
-32 -25 15 0 9 216143376
-32 -24 15 0 9 216143376
-31 -26 15 0 9 216143376
-31 -25 15 0 9 216143376
-31 -24 15 0 9 216143376
-30 -26 15 0 9 216143376
-30 -25 15 0 9 216143376
-30 -24 15 0 9 216143376
-29 -26 15 0 9 216143376
-29 -25 15 0 9 216143376
-29 -24 15 0 9 216143376
-28 -26 15 0 9 216143376
-28 -25 15 0 9 216143376
-28 -24 15 0 9 216143376
-36 -27 7 0 9 216143376
-35 -27 15 0 9 216143376
-34 -27 15 0 9 216143376
-33 -27 15 0 9 216143376
-32 -27 15 0 9 216143376
-31 -27 15 0 9 216143376
-30 -27 15 0 9 216143376
-29 -27 15 0 9 216143376
-28 -27 15 0 9 216143376
-27 -23 15 0 9 216143376
-27 -22 15 0 9 216143376
-27 -21 15 0 9 216143376
-27 -20 15 0 9 216143376
-26 -23 15 0 9 216143376
-26 -22 15 0 9 216143376
-26 -21 15 0 9 216143376
-26 -20 15 0 9 216143376
-25 -23 15 0 9 216143376
-25 -22 15 0 9 216143376
-25 -21 15 0 9 216143376
-25 -20 15 0 9 216143376
-24 -23 15 0 9 216143376
-24 -22 15 0 9 216143376
-24 -21 15 0 9 216143376
-24 -20 15 0 9 216143376
-23 -23 15 0 9 216143376
-23 -22 15 0 9 216143376
-23 -21 15 0 9 216143376
-23 -20 15 0 9 216143376
-22 -23 15 0 9 216143376
-22 -22 15 0 9 216143376
-22 -21 15 0 9 216143376
-22 -20 15 0 9 216143376
-21 -23 15 0 9 216143376
-21 -22 15 0 9 216143376
-21 -21 15 0 9 216143376
-21 -20 15 0 9 216143376
-27 -26 15 0 9 216143376
-27 -25 15 0 9 216143376
-27 -24 15 0 9 216143376
-26 -26 15 0 9 216143376
-26 -25 15 0 9 216143376
-26 -24 15 0 9 216143376
-25 -26 15 0 9 216143376
-25 -25 15 0 9 216143376
-25 -24 15 0 9 216143376
-24 -26 15 0 9 216143376
-24 -25 15 0 9 216143376
-24 -24 15 0 9 216143376
-23 -26 15 0 9 216143376
-23 -25 15 0 9 216143376
-23 -24 15 0 9 216143376
-22 -26 15 0 9 216143376
-22 -25 15 0 9 216143376
-22 -24 15 0 9 216143376
-21 -26 15 0 9 216143376
-21 -25 15 0 9 216143376
-21 -24 15 0 9 216143376
-20 -22 15 0 9 216143376
-20 -21 15 0 9 216143376
-20 -20 15 0 9 216143376
-19 -22 15 0 9 216143376
-19 -21 15 0 9 216143376
-19 -20 15 0 9 216143376
-20 -23 15 0 9 216143376
-19 -23 15 0 9 216143376
-20 -26 15 0 9 216143376
-20 -25 15 0 9 216143376
-20 -24 15 0 9 216143376
-19 -26 15 0 9 216143376
-19 -25 15 0 9 216143376
-19 -24 15 0 9 216143376
-27 -27 15 0 9 216143376
-26 -27 15 0 9 216143376
-25 -27 15 0 9 216143376
-24 -27 15 0 9 216143376
-23 -27 15 0 9 216143376
-22 -27 15 0 9 216143376
-21 -27 15 0 9 216143376
-20 -27 15 0 9 216143376
-19 -27 15 0 9 216143376
-18 -22 15 0 9 216143376
-18 -21 15 0 9 216143376
-18 -20 15 0 9 216143376
-18 -23 15 0 9 216143376
-18 -26 15 0 9 216143376
-18 -25 15 0 9 216143376
-18 -24 15 0 9 216143376
-18 -27 15 0 9 216143376
-27 -35 12 0 9 216152999
-30 -35 10 0 9 216152971
-31 -35 14 0 9 216152949
-32 -35 6 0 9 216152920
-32 -34 11 0 9 216152898
-33 -34 2 0 9 216152884
-31 -34 9 0 9 216152683
-29 -35 10 0 9 216152556
-28 -35 14 0 9 216152532
-28 -34 3 0 9 216152501
-27 -34 11 0 9 216152482
-26 -34 8 0 9 216152453
-26 -28 15 0 9 216151945
-27 -28 15 0 9 216151920
-28 -29 14 0 9 216151857
-29 -31 2 0 9 216151798
-28 -31 10 0 9 216151711
-27 -31 8 0 9 216151685
-36 -29 6 0 9 216143376
-36 -28 7 0 9 216143376
-35 -29 14 0 9 216143376
-35 -28 15 0 9 216143376
-34 -29 14 0 9 216143376
-34 -28 15 0 9 216143376
-33 -29 14 0 9 216143376
-33 -28 15 0 9 216143376
-32 -29 14 0 9 216143376
-32 -28 15 0 9 216143376
-31 -29 14 0 9 216143376
-31 -28 15 0 9 216143376
-30 -29 14 0 9 216143376
-30 -28 15 0 9 216143376
-29 -29 14 0 9 216143376
-29 -28 15 0 9 216143376
-28 -28 15 0 9 216143376
-27 -29 14 0 9 216143376
-26 -29 14 0 9 216143376
-25 -33 6 0 9 216152427
-25 -32 7 0 9 216152373
-25 -31 7 0 9 216152178
-25 -30 7 0 9 216152025
-25 -29 15 0 9 216151971
-25 -28 15 0 9 216143376
-19 -36 15 0 9 216153137
-20 -36 15 0 9 216153116
-20 -35 15 0 9 216153099
-21 -35 15 0 9 216153082
-22 -35 15 0 9 216153065
-24 -35 7 0 9 216153032
-24 -32 15 0 9 216151649
-21 -32 15 0 9 216151621
-20 -32 15 0 9 216151603
-24 -37 6 0 9 216146685
-24 -36 7 0 9 216146685
-24 -34 7 0 9 216146685
-24 -33 15 0 9 216146685
-24 -31 15 0 9 216146685
-24 -30 15 0 9 216146685
-24 -29 15 0 9 216146685
-24 -28 15 0 9 216143376
-23 -37 14 0 9 216146685
-23 -36 15 0 9 216146685
-23 -35 15 0 9 216146685
-23 -34 15 0 9 216146685
-23 -33 15 0 9 216146685
-23 -32 15 0 9 216146685
-23 -31 15 0 9 216146685
-23 -30 15 0 9 216146685
-23 -29 15 0 9 216146685
-22 -37 14 0 9 216146685
-22 -36 15 0 9 216146685
-22 -34 15 0 9 216146685
-22 -33 15 0 9 216146685
-22 -32 15 0 9 216146685
-22 -31 15 0 9 216146685
-22 -30 15 0 9 216146685
-22 -29 15 0 9 216146685
-21 -37 14 0 9 216146685
-21 -36 15 0 9 216146685
-21 -34 15 0 9 216146685
-21 -33 15 0 9 216146685
-21 -31 15 0 9 216146685
-21 -30 15 0 9 216146685
-21 -29 15 0 9 216146685
-20 -37 14 0 9 216146685
-20 -34 15 0 9 216146685
-20 -33 15 0 9 216146685
-20 -31 15 0 9 216146685
-20 -30 15 0 9 216146685
-20 -29 15 0 9 216146685
-19 -37 14 0 9 216146685
-19 -35 15 0 9 216146685
-19 -34 15 0 9 216146685
-19 -33 15 0 9 216146685
-19 -32 15 0 9 216146685
-19 -31 15 0 9 216146685
-19 -30 15 0 9 216146685
-19 -29 15 0 9 216146685
-23 -28 15 0 9 216143376
-22 -28 15 0 9 216143376
-21 -28 15 0 9 216143376
-20 -28 15 0 9 216143376
-19 -28 15 0 9 216143376
-18 -29 15 0 9 216146685
-18 -28 15 0 9 216143376
-18 -36 15 0 9 216153149
-18 -37 14 0 9 216146685
-18 -35 15 0 9 216146685
-18 -34 15 0 9 216146685
-18 -33 15 0 9 216146685
-18 -32 15 0 9 216146685
-18 -31 15 0 9 216146685
-18 -30 15 0 9 216146685
-17 -29 15 0 9 216146685
-16 -29 15 0 9 216146685
-15 -29 15 0 9 216146685
-14 -29 15 0 9 216146685
-13 -29 15 0 9 216146685
-12 -29 15 0 9 216146685
-17 -22 15 0 9 216143376
-17 -21 15 0 9 216143376
-17 -20 15 0 9 216143376
-16 -22 15 0 9 216143376
-16 -21 15 0 9 216143376
-16 -20 15 0 9 216143376
-15 -22 15 0 9 216143376
-15 -21 15 0 9 216143376
-15 -20 15 0 9 216143376
-14 -22 15 0 9 216143376
-14 -21 15 0 9 216143376
-14 -20 15 0 9 216143376
-13 -22 15 0 9 216143376
-13 -21 15 0 9 216143376
-13 -20 15 0 9 216143376
-12 -22 15 0 9 216143376
-12 -21 15 0 9 216143376
-12 -20 15 0 9 216143376
-17 -23 15 0 9 216143376
-16 -23 15 0 9 216143376
-15 -23 15 0 9 216143376
-14 -23 15 0 9 216143376
-17 -28 15 0 9 216143376
-17 -27 15 0 9 216143376
-17 -26 15 0 9 216143376
-17 -25 15 0 9 216143376
-17 -24 15 0 9 216143376
-16 -28 15 0 9 216143376
-16 -27 15 0 9 216143376
-16 -26 15 0 9 216143376
-16 -25 15 0 9 216143376
-16 -24 15 0 9 216143376
-15 -28 15 0 9 216143376
-15 -27 15 0 9 216143376
-15 -26 15 0 9 216143376
-15 -25 15 0 9 216143376
-15 -24 15 0 9 216143376
-14 -28 15 0 9 216143376
-14 -27 15 0 9 216143376
-14 -26 15 0 9 216143376
-14 -25 15 0 9 216143376
-14 -24 15 0 9 216143376
-13 -23 15 0 9 216143376
-12 -23 15 0 9 216143376
-13 -28 15 0 9 216143376
-13 -27 15 0 9 216143376
-13 -26 15 0 9 216143376
-13 -25 15 0 9 216143376
-13 -24 15 0 9 216143376
-12 -28 15 0 9 216143376
-12 -27 15 0 9 216143376
-12 -26 15 0 9 216143376
-12 -25 15 0 9 216143376
-12 -24 15 0 9 216143376
-7 -25 13 0 9 216154888
-7 -26 15 0 9 216154748
-6 -26 10 0 9 216154655
-5 -26 10 0 9 216154632
-4 -26 10 0 9 216154582
-3 -26 9 0 9 216154350
-3 -27 6 0 9 216154331
-2 -27 10 0 9 216154304
-11 -29 15 0 9 216146685
-10 -29 15 0 9 216146685
-9 -29 15 0 9 216146685
-8 -29 15 0 9 216146685
-7 -29 15 0 9 216146685
-6 -29 11 0 9 216146685
-5 -29 11 0 9 216146685
-4 -29 11 0 9 216146685
-3 -29 11 0 9 216146685
-2 -29 11 0 9 216146685
-11 -22 15 0 9 216143376
-11 -21 15 0 9 216143376
-11 -20 15 0 9 216143376
-10 -22 15 0 9 216143376
-10 -21 15 0 9 216143376
-10 -20 15 0 9 216143376
-9 -22 15 0 9 216143376
-9 -21 15 0 9 216143376
-9 -20 15 0 9 216143376
-8 -22 15 0 9 216143376
-8 -21 15 0 9 216143376
-8 -20 15 0 9 216143376
-7 -22 13 0 9 216143376
-7 -21 13 0 9 216143376
-7 -20 13 0 9 216143376
-2 -22 10 4 8 215960486
-3 -22 6 4 8 215960467
-3 -21 1 4 8 215960386
-11 -23 15 0 9 216143376
-10 -23 15 0 9 216143376
-9 -23 15 0 9 216143376
-8 -23 15 0 9 216143376
-7 -23 13 0 9 216143376
-11 -28 15 0 9 216143376
-11 -27 15 0 9 216143376
-11 -26 15 0 9 216143376
-11 -25 15 0 9 216143376
-11 -24 15 0 9 216143376
-10 -28 15 0 9 216143376
-10 -27 15 0 9 216143376
-10 -26 15 0 9 216143376
-10 -25 15 0 9 216143376
-10 -24 15 0 9 216143376
-9 -28 15 0 9 216143376
-9 -27 15 0 9 216143376
-9 -26 15 0 9 216143376
-9 -25 15 0 9 216143376
-9 -24 15 0 9 216143376
-8 -28 15 0 9 216143376
-8 -27 15 0 9 216143376
-8 -26 15 0 9 216143376
-8 -25 15 0 9 216143376
-8 -24 15 0 9 216143376
-7 -28 13 0 9 216143376
-7 -27 13 0 9 216143376
-7 -24 13 0 9 216143376
-12 -39 8 0 9 216153232
-13 -39 2 0 9 216153221
-14 -38 4 0 9 216153198
-16 -37 14 0 9 216153182
-17 -37 14 0 9 216153166
-17 -36 15 0 9 216146685
-17 -35 15 0 9 216146685
-17 -34 15 0 9 216146685
-17 -33 15 0 9 216146685
-17 -32 15 0 9 216146685
-17 -31 15 0 9 216146685
-17 -30 15 0 9 216146685
-16 -36 15 0 9 216146685
-16 -35 15 0 9 216146685
-16 -34 15 0 9 216146685
-16 -33 15 0 9 216146685
-16 -32 15 0 9 216146685
-16 -31 15 0 9 216146685
-16 -30 15 0 9 216146685
-15 -37 14 0 9 216146685
-15 -36 15 0 9 216146685
-15 -35 15 0 9 216146685
-15 -34 15 0 9 216146685
-15 -33 15 0 9 216146685
-15 -32 15 0 9 216146685
-15 -31 15 0 9 216146685
-15 -30 15 0 9 216146685
-14 -37 15 0 9 216146685
-14 -36 15 0 9 216146685
-14 -35 15 0 9 216146685
-14 -34 15 0 9 216146685
-14 -33 15 0 9 216146685
-14 -32 15 0 9 216146685
-14 -31 15 0 9 216146685
-14 -30 15 0 9 216146685
-13 -37 14 0 9 216146685
-13 -36 15 0 9 216146685
-13 -35 15 0 9 216146685
-13 -34 15 0 9 216146685
-13 -33 15 0 9 216146685
-13 -32 15 0 9 216146685
-13 -31 15 0 9 216146685
-13 -30 15 0 9 216146685
-12 -37 14 0 9 216146685
-12 -36 15 0 9 216146685
-12 -35 15 0 9 216146685
-12 -34 15 0 9 216146685
-12 -33 15 0 9 216146685
-12 -32 15 0 9 216146685
-12 -31 15 0 9 216146685
-12 -30 15 0 9 216146685
-11 -37 14 0 9 216146685
-11 -36 15 0 9 216146685
-11 -35 15 0 9 216146685
-11 -34 15 0 9 216146685
-11 -33 15 0 9 216146685
-11 -32 15 0 9 216146685
-11 -31 15 0 9 216146685
-11 -30 15 0 9 216146685
-10 -39 2 0 9 216153251
-10 -37 14 0 9 216146685
-10 -36 15 0 9 216146685
-10 -35 15 0 9 216146685
-10 -34 15 0 9 216146685
-10 -33 15 0 9 216146685
-10 -32 15 0 9 216146685
-10 -31 15 0 9 216146685
-10 -30 15 0 9 216146685
-2 -38 14 0 9 216153552
-3 -38 14 0 9 216153520
-4 -38 14 0 9 216153482
-5 -38 14 0 9 216153466
-6 -38 14 0 9 216153434
-7 -38 7 0 9 216153383
-7 -39 12 0 9 216153358
-8 -39 10 0 9 216153316
-9 -39 10 0 9 216153283
-9 -37 14 0 9 216146685
-9 -36 15 0 9 216146685
-9 -35 15 0 9 216146685
-9 -34 15 0 9 216146685
-9 -33 15 0 9 216146685
-9 -32 15 0 9 216146685
-9 -31 15 0 9 216146685
-9 -30 15 0 9 216146685
-8 -37 14 0 9 216146685
-8 -36 15 0 9 216146685
-8 -35 15 0 9 216146685
-8 -34 15 0 9 216146685
-8 -33 15 0 9 216146685
-8 -32 15 0 9 216146685
-8 -31 15 0 9 216146685
-8 -30 15 0 9 216146685
-7 -37 15 0 9 216146685
-7 -36 15 0 9 216146685
-7 -35 15 0 9 216146685
-7 -34 15 0 9 216146685
-7 -33 15 0 9 216146685
-7 -32 15 0 9 216146685
-7 -31 15 0 9 216146685
-7 -30 15 0 9 216146685
-6 -37 15 0 9 216146685
-6 -36 15 0 9 216146685
-6 -35 15 0 9 216146685
-6 -34 15 0 9 216146685
-6 -33 15 0 9 216146685
-6 -32 15 0 9 216146685
-6 -31 15 0 9 216146685
-6 -30 15 0 9 216146685
-5 -37 15 0 9 216146685
-5 -36 15 0 9 216146685
-5 -35 15 0 9 216146685
-5 -34 15 0 9 216146685
-5 -33 15 0 9 216146685
-5 -32 15 0 9 216146685
-5 -31 15 0 9 216146685
-5 -30 15 0 9 216146685
-4 -37 15 0 9 216146685
-4 -36 15 0 9 216146685
-4 -35 15 0 9 216146685
-4 -34 15 0 9 216146685
-4 -33 15 0 9 216146685
-4 -32 15 0 9 216146685
-4 -31 15 0 9 216146685
-4 -30 15 0 9 216146685
-3 -37 15 0 9 216146685
-3 -36 15 0 9 216146685
-3 -35 15 0 9 216146685
-3 -34 15 0 9 216146685
-3 -33 15 0 9 216146685
-3 -32 15 0 9 216146685
-3 -31 15 0 9 216146685
-3 -30 15 0 9 216146685
-2 -37 15 0 9 216146685
-2 -36 15 0 9 216146685
-2 -35 15 0 9 216146685
-2 -34 15 0 9 216146685
-2 -33 15 0 9 216146685
-2 -32 15 0 9 216146685
-2 -31 15 0 9 216146685
-2 -30 15 0 9 216146685
-1 -3 11 0 1 47975313
-1 -4 15 0 1 47975313
-1 -5 15 0 1 47975313
-1 -6 15 0 1 47975313
-1 -7 15 0 1 47975313
0 -3 11 0 1 47975313
0 -4 15 0 1 47975313
0 -5 15 0 1 47975313
1 -3 11 0 1 47975313
1 -4 15 0 1 47975313
1 -5 15 0 1 47975313
2 -3 11 0 1 47975313
2 -4 15 0 1 47975313
2 -5 15 0 1 47975313
0 -6 15 0 1 47975313
1 -6 15 0 1 47975313
2 -6 15 0 1 47975313
3 -3 11 0 1 47975313
3 -4 15 0 1 47975313
3 -5 15 0 1 47975313
3 -6 15 0 1 47975313
4 -3 11 0 1 47975313
4 -4 15 0 1 47975313
4 -5 15 0 1 47975313
4 -6 15 0 1 47975313
0 -7 15 0 1 47975313
1 -7 15 0 1 47975313
2 -7 15 0 1 47975313
3 -7 15 0 1 47975313
4 -7 15 0 1 47975313
5 -3 11 0 1 47975313
6 -3 11 0 1 47975313
7 -3 11 0 1 47975313
5 -4 15 0 1 47975313
6 -4 15 0 1 47975313
7 -4 15 0 1 47975313
5 -5 15 0 1 47975313
6 -5 15 0 1 47975313
7 -5 15 0 1 47975313
5 -6 15 0 1 47975313
6 -6 15 0 1 47975313
7 -6 15 0 1 47975313
5 -7 15 0 1 47975313
6 -7 15 0 1 47975313
7 -7 15 0 1 47975313
8 -3 11 0 1 47975313
8 -4 15 0 1 47975313
8 -5 15 0 1 47975313
8 -6 15 0 1 47975313
8 -7 15 0 1 47975313
9 -3 9 0 1 47975313
9 -4 13 0 1 47975313
9 -5 13 0 1 47975313
10 -3 7 3 3 48613659
10 -4 7 3 3 48613659
10 -5 7 3 3 48613659
10 -6 7 3 3 48613659
9 -6 13 0 1 47975313
11 -3 15 3 3 48613659
12 -3 15 3 3 48613659
13 -3 15 3 3 48613659
14 -3 15 3 3 48613659
15 -3 15 3 3 48613659
16 -3 15 3 3 48613659
17 -3 15 3 3 48613659
11 -4 15 3 3 48613659
12 -4 15 3 3 48613659
13 -4 15 3 3 48613659
14 -4 15 3 3 48613659
15 -4 15 3 3 48613659
16 -4 15 3 3 48613659
17 -4 13 3 3 48613659
11 -5 15 3 3 48613659
12 -5 15 3 3 48613659
13 -5 15 3 3 48613659
14 -5 15 3 3 48613659
15 -5 15 3 3 48613659
16 -5 15 3 3 48613659
17 -5 13 3 3 48613659
11 -6 15 3 3 48613659
12 -6 15 3 3 48613659
13 -6 15 3 3 48613659
14 -6 15 3 3 48613659
15 -6 15 3 3 48613659
16 -6 15 3 3 48613659
17 -6 15 3 3 48613659
10 -7 7 3 3 48613659
9 -7 13 0 1 47975313
11 -7 15 3 3 48613659
12 -7 15 3 3 48613659
13 -7 15 3 3 48613659
14 -7 15 3 3 48613659
15 -7 15 3 3 48613659
16 -7 15 3 3 48613659
17 -7 15 3 3 48613659
-1 -8 15 0 1 47975313
-1 -9 15 0 1 47975313
-1 -10 15 0 1 47975313
-1 -11 15 0 1 47975313
-1 -12 14 0 1 47975313
0 -8 15 0 1 47975313
1 -8 15 0 1 47975313
2 -8 15 0 1 47975313
0 -9 15 0 1 47975313
1 -9 15 0 1 47975313
2 -9 15 0 1 47975313
0 -10 15 0 1 47975313
1 -10 15 0 1 47975313
2 -10 15 0 1 47975313
0 -11 15 0 1 47975313
1 -11 15 0 1 47975313
2 -11 15 0 1 47975313
3 -9 15 0 1 47975313
3 -8 15 0 1 47975313
3 -10 15 0 1 47975313
3 -11 15 0 1 47975313
0 -12 14 0 1 47975313
1 -12 14 0 1 47975313
2 -12 14 0 1 47975313
3 -12 14 0 1 47975313
4 -9 15 0 1 47975313
4 -8 15 0 1 47975313
4 -10 15 0 1 47975313
4 -11 15 0 1 47975313
4 -12 14 0 1 47975313
5 -9 15 0 1 47975313
5 -8 15 0 1 47975313
6 -9 15 0 1 47975313
6 -8 15 0 1 47975313
7 -9 15 0 1 47975313
7 -8 15 0 1 47975313
5 -10 15 0 1 47975313
6 -10 15 0 1 47975313
7 -10 15 0 1 47975313
5 -11 15 0 1 47975313
6 -11 15 0 1 47975313
7 -11 15 0 1 47975313
5 -12 14 0 1 47975313
6 -12 14 0 1 47975313
7 -12 14 0 1 47975313
8 -9 15 0 1 47975313
8 -8 15 0 1 47975313
8 -10 15 0 1 47975313
8 -11 15 0 1 47975313
8 -12 14 0 1 47975313
10 -9 7 3 3 48613659
10 -8 7 3 3 48613659
9 -9 13 0 1 47975313
9 -8 13 0 1 47975313
10 -10 7 3 3 48613659
9 -10 13 0 1 47975313
9 -11 13 0 1 47975313
10 -11 7 3 3 48613659
11 -9 15 3 3 48613659
11 -8 15 3 3 48613659
11 -10 15 3 3 48613659
11 -11 15 3 3 48613659
9 -12 12 0 1 47975313
10 -12 7 3 3 48613659
11 -12 15 3 3 48613659
12 -9 15 3 3 48613659
12 -8 15 3 3 48613659
13 -9 15 3 3 48613659
13 -8 15 3 3 48613659
14 -9 15 3 3 48613659
14 -8 15 3 3 48613659
15 -9 15 3 3 48613659
15 -8 15 3 3 48613659
16 -9 15 3 3 48613659
16 -8 15 3 3 48613659
17 -9 15 3 3 48613659
17 -8 15 3 3 48613659
12 -10 15 3 3 48613659
13 -10 15 3 3 48613659
14 -10 15 3 3 48613659
15 -10 15 3 3 48613659
16 -10 15 3 3 48613659
17 -10 15 3 3 48613659
12 -11 15 3 3 48613659
13 -11 15 3 3 48613659
14 -11 15 3 3 48613659
15 -11 15 3 3 48613659
16 -11 15 3 3 48613659
17 -11 15 3 3 48613659
12 -12 15 3 3 48613659
13 -12 15 3 3 48613659
14 -12 15 3 3 48613659
15 -12 15 3 3 48613659
16 -12 15 3 3 48613659
17 -12 15 3 3 48613659
10 -13 7 3 3 48613659
11 -13 15 3 3 48613659
12 -13 15 3 3 48613659
13 -13 15 3 3 48613659
14 -13 15 3 3 48613659
15 -13 15 3 3 48613659
16 -13 15 3 3 48613659
17 -13 15 3 3 48613659
10 -14 6 3 3 48613659
11 -14 14 3 3 48613659
12 -14 14 3 3 48613659
13 -14 14 3 3 48613659
14 -14 14 3 3 48613659
15 -14 14 3 3 48613659
16 -14 14 3 3 48613659
17 -14 14 3 3 48613659
18 -3 14 3 3 48613659
18 -4 1 0 0 139776987
18 -5 6 0 0 139776555
18 -6 11 3 3 48613659
18 -7 15 3 3 48613659
18 -8 15 3 3 48613659
19 -3 15 3 3 48613659
19 -4 6 3 3 48613659
20 -3 15 3 3 48613659
20 -4 15 3 3 48613659
19 -5 8 0 0 139776705
20 -5 7 3 3 48613659
19 -6 11 3 3 48613659
20 -6 15 3 3 48613659
21 -3 15 3 3 48613659
22 -3 15 3 3 48613659
23 -3 15 3 3 48613659
24 -3 15 3 3 48613659
25 -3 15 3 3 48613659
26 -3 15 3 3 48613659
21 -4 15 3 3 48613659
22 -4 15 3 3 48613659
23 -4 15 3 3 48613659
24 -4 15 3 3 48613659
25 -4 15 3 3 48613659
26 -4 15 3 3 48613659
21 -5 15 3 3 48613659
22 -5 15 3 3 48613659
23 -5 15 3 3 48613659
24 -5 15 3 3 48613659
25 -5 15 3 3 48613659
26 -5 15 3 3 48613659
21 -6 15 3 3 48613659
22 -6 15 3 3 48613659
23 -6 15 3 3 48613659
24 -6 15 3 3 48613659
25 -6 15 3 3 48613659
26 -6 15 3 3 48613659
19 -7 15 3 3 48613659
19 -8 15 3 3 48613659
20 -7 15 3 3 48613659
20 -8 15 3 3 48613659
21 -7 15 3 3 48613659
22 -7 15 3 3 48613659
23 -7 15 3 3 48613659
24 -7 15 3 3 48613659
25 -7 15 3 3 48613659
26 -7 15 3 3 48613659
21 -8 15 3 3 48613659
22 -8 15 3 3 48613659
23 -8 15 3 3 48613659
24 -8 15 3 3 48613659
25 -8 15 3 3 48613659
26 -8 15 3 3 48613659
27 -3 15 3 3 48613659
27 -4 15 3 3 48613659
27 -5 15 3 3 48613659
27 -6 15 3 3 48613659
28 -3 15 3 3 48613659
29 -3 15 3 3 48613659
28 -4 15 3 3 48613659
29 -4 15 3 3 48613659
28 -5 15 3 3 48613659
29 -5 15 3 3 48613659
30 -3 15 3 3 48613659
31 -3 15 3 3 48613659
32 -3 15 3 3 48613659
33 -3 15 3 3 48613659
34 -3 15 3 3 48613659
35 -3 15 3 3 48613659
36 -3 15 3 3 48613659
37 -3 13 3 3 48613659
30 -4 15 3 3 48613659
31 -4 15 3 3 48613659
32 -4 15 3 3 48613659
33 -4 15 3 3 48613659
34 -4 15 3 3 48613659
35 -4 15 3 3 48613659
36 -4 15 3 3 48613659
37 -4 13 3 3 48613659
30 -5 15 3 3 48613659
31 -5 15 3 3 48613659
32 -5 15 3 3 48613659
33 -5 15 3 3 48613659
34 -5 15 3 3 48613659
35 -5 15 3 3 48613659
36 -5 15 3 3 48613659
37 -5 13 3 3 48613659
28 -6 15 3 3 48613659
29 -6 15 3 3 48613659
30 -6 15 3 3 48613659
31 -6 15 3 3 48613659
32 -6 15 3 3 48613659
33 -6 15 3 3 48613659
34 -6 15 3 3 48613659
35 -6 15 3 3 48613659
36 -6 15 3 3 48613659
37 -6 13 3 3 48613659
27 -7 15 3 3 48613659
27 -8 15 3 3 48613659
28 -7 15 3 3 48613659
28 -8 15 3 3 48613659
29 -7 15 3 3 48613659
30 -7 15 3 3 48613659
31 -7 15 3 3 48613659
32 -7 15 3 3 48613659
33 -7 15 3 3 48613659
34 -7 15 3 3 48613659
35 -7 15 3 3 48613659
36 -7 15 3 3 48613659
37 -7 13 3 3 48613659
29 -8 15 3 3 48613659
30 -8 15 3 3 48613659
31 -8 15 3 3 48613659
32 -8 15 3 3 48613659
33 -8 15 3 3 48613659
34 -8 15 3 3 48613659
35 -8 15 3 3 48613659
36 -8 15 3 3 48613659
37 -8 13 3 3 48613659
18 -9 15 3 3 48613659
18 -10 15 3 3 48613659
18 -11 15 3 3 48613659
18 -12 15 3 3 48613659
18 -13 15 3 3 48613659
19 -10 15 3 3 48613659
19 -9 15 3 3 48613659
20 -10 15 3 3 48613659
20 -9 15 3 3 48613659
19 -11 15 3 3 48613659
20 -11 15 3 3 48613659
19 -12 15 3 3 48613659
20 -12 15 3 3 48613659
21 -10 15 3 3 48613659
21 -9 15 3 3 48613659
22 -10 15 3 3 48613659
22 -9 15 3 3 48613659
23 -10 15 3 3 48613659
23 -9 15 3 3 48613659
24 -10 15 3 3 48613659
24 -9 15 3 3 48613659
25 -10 15 3 3 48613659
25 -9 15 3 3 48613659
26 -10 15 3 3 48613659
26 -9 15 3 3 48613659
21 -11 15 3 3 48613659
22 -11 15 3 3 48613659
23 -11 15 3 3 48613659
24 -11 15 3 3 48613659
25 -11 15 3 3 48613659
26 -11 15 3 3 48613659
21 -12 15 3 3 48613659
22 -12 15 3 3 48613659
23 -12 15 3 3 48613659
24 -12 15 3 3 48613659
25 -12 15 3 3 48613659
26 -12 15 3 3 48613659
19 -13 15 3 3 48613659
20 -13 15 3 3 48613659
21 -13 15 3 3 48613659
22 -13 15 3 3 48613659
23 -13 15 3 3 48613659
24 -13 15 3 3 48613659
25 -13 15 3 3 48613659
26 -13 15 3 3 48613659
18 -14 14 3 3 48613659
19 -14 14 3 3 48613659
20 -14 14 3 3 48613659
21 -14 14 3 3 48613659
22 -14 14 3 3 48613659
23 -14 14 3 3 48613659
24 -14 14 3 3 48613659
25 -14 14 3 3 48613659
26 -14 14 3 3 48613659
24 -15 3 4 8 215962838
25 -15 10 4 8 215962854
26 -15 10 4 8 215962887
27 -10 15 3 3 48613659
27 -9 15 3 3 48613659
27 -11 15 3 3 48613659
27 -12 15 3 3 48613659
27 -13 15 3 3 48613659
28 -10 15 3 3 48613659
28 -9 15 3 3 48613659
28 -11 15 3 3 48613659
28 -12 15 3 3 48613659
29 -10 15 3 3 48613659
29 -9 15 3 3 48613659
30 -10 15 3 3 48613659
30 -9 15 3 3 48613659
31 -10 15 3 3 48613659
31 -9 15 3 3 48613659
32 -10 15 3 3 48613659
32 -9 15 3 3 48613659
33 -10 15 3 3 48613659
33 -9 15 3 3 48613659
34 -10 15 3 3 48613659
34 -9 15 3 3 48613659
35 -10 15 3 3 48613659
35 -9 15 3 3 48613659
36 -10 15 3 3 48613659
36 -9 15 3 3 48613659
37 -10 13 3 3 48613659
37 -9 13 3 3 48613659
29 -11 15 3 3 48613659
30 -11 15 3 3 48613659
31 -11 15 3 3 48613659
32 -11 15 3 3 48613659
33 -11 15 3 3 48613659
34 -11 15 3 3 48613659
35 -11 15 3 3 48613659
36 -11 15 3 3 48613659
37 -11 13 3 3 48613659
29 -12 15 3 3 48613659
30 -12 15 3 3 48613659
31 -12 15 3 3 48613659
32 -12 15 3 3 48613659
33 -12 15 3 3 48613659
34 -12 15 3 3 48613659
35 -12 15 3 3 48613659
36 -12 15 3 3 48613659
37 -12 13 3 3 48613659
28 -13 15 3 3 48613659
29 -13 15 3 3 48613659
30 -13 15 3 3 48613659
31 -13 15 3 3 48613659
32 -13 15 3 3 48613659
33 -13 15 3 3 48613659
34 -13 15 3 3 48613659
35 -13 15 3 3 48613659
36 -13 15 3 3 48613659
37 -13 13 3 3 48613659
27 -14 14 3 3 48613659
28 -14 14 3 3 48613659
29 -14 14 3 3 48613659
30 -14 14 3 3 48613659
31 -14 14 3 3 48613659
32 -14 14 3 3 48613659
33 -14 14 3 3 48613659
34 -14 14 3 3 48613659
35 -14 14 3 3 48613659
36 -14 14 3 3 48613659
37 -14 12 3 3 48613659
33 -15 9 4 8 215963147
32 -15 2 4 8 215963103
28 -15 9 4 8 215962920
27 -15 10 4 8 215962905
-1 -22 8 4 8 215960503
-1 -20 2 4 8 215960368
0 -20 14 4 8 215960346
0 -19 3 4 8 215960326
1 -20 15 4 8 215957346
1 -19 15 4 8 215957346
1 -18 7 4 8 215957346
1 -17 7 4 8 215957346
1 -16 3 4 8 215957346
2 -20 15 4 8 215957346
2 -19 15 4 8 215957346
2 -18 15 4 8 215957346
2 -17 15 4 8 215957346
2 -16 11 4 8 215957346
3 -18 15 4 8 215957346
3 -17 15 4 8 215957346
3 -16 11 4 8 215957346
3 -19 15 4 8 215957346
3 -20 15 4 8 215957346
4 -18 15 4 8 215957346
4 -17 15 4 8 215957346
4 -16 11 4 8 215957346
4 -19 15 4 8 215957346
4 -20 15 4 8 215957346
5 -18 15 4 8 215957346
5 -17 15 4 8 215957346
5 -16 11 4 8 215957346
6 -18 15 4 8 215957346
6 -17 15 4 8 215957346
6 -16 11 4 8 215957346
7 -18 15 4 8 215957346
7 -17 15 4 8 215957346
7 -16 11 4 8 215957346
5 -19 15 4 8 215957346
6 -19 15 4 8 215957346
7 -19 15 4 8 215957346
5 -20 15 4 8 215957346
6 -20 15 4 8 215957346
7 -20 15 4 8 215957346
1 -22 7 4 8 215957346
1 -21 7 4 8 215957346
2 -22 15 4 8 215957346
2 -21 15 4 8 215957346
3 -22 15 4 8 215957346
3 -21 15 4 8 215957346
4 -22 15 4 8 215957346
4 -21 15 4 8 215957346
5 -22 15 4 8 215957346
5 -21 15 4 8 215957346
6 -22 15 4 8 215957346
6 -21 15 4 8 215957346
7 -22 15 4 8 215957346
7 -21 15 4 8 215957346
8 -18 15 4 8 215957346
8 -17 15 4 8 215957346
8 -16 11 4 8 215957346
8 -19 15 4 8 215957346
8 -20 15 4 8 215957346
9 -18 15 4 8 215957346
9 -17 15 4 8 215957346
9 -16 11 4 8 215957346
9 -19 15 4 8 215957346
10 -18 15 4 8 215957346
10 -17 15 4 8 215957346
10 -16 11 4 8 215957346
10 -19 15 4 8 215957346
9 -20 15 4 8 215957346
10 -20 15 4 8 215957346
11 -18 15 4 8 215957346
11 -17 15 4 8 215957346
11 -16 11 4 8 215957346
11 -19 15 4 8 215957346
11 -20 15 4 8 215957346
12 -18 15 4 8 215957346
12 -17 15 4 8 215957346
12 -16 11 4 8 215957346
13 -18 15 4 8 215957346
13 -17 15 4 8 215957346
13 -16 9 4 8 215957346
14 -18 15 4 8 215955192
14 -17 11 4 8 215955192
15 -18 15 4 8 215955192
15 -17 11 4 8 215955192
16 -18 15 4 8 215955192
16 -17 11 4 8 215955192
12 -19 15 4 8 215957346
13 -19 15 4 8 215957346
14 -19 15 4 8 215955192
15 -19 15 4 8 215955192
16 -19 15 4 8 215955192
12 -20 15 4 8 215957346
13 -20 15 4 8 215957346
14 -20 15 4 8 215955192
15 -20 15 4 8 215955192
16 -20 15 4 8 215955192
8 -22 15 4 8 215957346
8 -21 15 4 8 215957346
9 -22 15 4 8 215957346
9 -21 15 4 8 215957346
10 -22 15 4 8 215957346
10 -21 15 4 8 215957346
11 -22 15 4 8 215957346
11 -21 15 4 8 215957346
12 -22 15 4 8 215957346
12 -21 15 4 8 215957346
13 -22 15 4 8 215957346
13 -21 15 4 8 215957346
14 -22 15 4 8 215955192
14 -21 15 4 8 215955192
15 -22 15 4 8 215955192
15 -21 15 4 8 215955192
16 -22 15 4 8 215955192
16 -21 15 4 8 215955192
-1 -27 9 0 9 216154265
-1 -28 7 0 9 216154231
0 -28 9 0 9 216154199
0 -29 13 0 9 216154176
0 -30 13 0 9 216154151
0 -31 13 0 9 216154088
0 -32 13 0 9 216154038
1 -36 9 0 9 216153768
1 -37 12 0 9 216153751
0 -37 15 0 9 216153699
0 -38 12 0 9 216153667
-1 -39 4 0 9 216153616
-1 -38 15 0 9 216153565
-1 -37 15 0 9 216146685
-1 -36 15 0 9 216146685
-1 -35 15 0 9 216146685
-1 -34 15 0 9 216146685
-1 -33 15 0 9 216146685
-1 -32 15 0 9 216146685
-1 -31 15 0 9 216146685
-1 -30 15 0 9 216146685
-1 -29 15 0 9 216146685
0 -36 15 0 9 216146685
0 -35 13 0 9 216146685
0 -34 13 0 9 216146685
0 -33 13 0 9 216146685
2 -23 14 4 8 215960546
1 -23 6 4 8 215960525
3 -24 4 4 8 215960714
3 -23 15 4 8 215960607
4 -23 14 4 8 215960753
9 -24 15 4 8 215961087
8 -23 15 4 8 215961054
7 -23 15 4 8 215961007
7 -24 14 4 8 215960936
6 -24 6 4 8 215960907
6 -23 15 4 8 215960825
5 -23 14 4 8 215960780
8 -25 6 4 8 215955192
8 -24 15 4 8 215955192
9 -25 14 4 8 215955192
9 -23 15 4 8 215955192
10 -24 15 4 8 215961130
10 -25 14 4 8 215955192
10 -23 15 4 8 215955192
11 -24 15 4 8 215961179
11 -25 14 4 8 215955192
11 -23 15 4 8 215955192
12 -25 14 4 8 215955192
12 -24 15 4 8 215955192
12 -23 15 4 8 215955192
15 -25 14 4 8 215966596
14 -26 5 4 8 215966531
14 -27 7 4 8 215966506
14 -28 7 4 8 215966482
14 -29 12 4 8 215966455
13 -29 2 4 8 215966396
14 -25 15 4 8 215966308
15 -27 11 4 8 215966183
15 -28 14 4 8 215966157
16 -29 4 4 8 215966131
16 -28 15 4 8 215966051
16 -27 13 4 8 215966024
16 -26 7 4 8 215966004
13 -25 14 4 8 215955192
13 -24 15 4 8 215955192
13 -23 15 4 8 215955192
14 -24 15 4 8 215955192
14 -23 15 4 8 215955192
15 -24 15 4 8 215955192
15 -23 15 4 8 215955192
16 -25 15 4 8 215955192
16 -24 15 4 8 215955192
16 -23 15 4 8 215955192
17 -18 15 4 8 215955192
17 -17 11 4 8 215955192
17 -19 15 4 8 215955192
18 -17 11 4 8 215955192
18 -18 15 4 8 215955192
18 -19 15 4 8 215955192
17 -20 15 4 8 215955192
18 -20 15 4 8 215955192
17 -22 15 4 8 215955192
17 -21 15 4 8 215955192
18 -22 15 4 8 215955192
18 -21 15 4 8 215955192
19 -17 11 4 8 215955192
19 -18 15 4 8 215955192
19 -19 15 4 8 215955192
19 -20 15 4 8 215955192
20 -17 11 4 8 215955192
20 -18 15 4 8 215955192
20 -19 15 4 8 215955192
20 -20 15 4 8 215955192
19 -21 15 4 8 215955192
20 -21 15 4 8 215955192
24 -16 13 4 8 215962820
23 -16 3 4 8 215962803
22 -17 11 4 8 215962786
21 -17 11 4 8 215955192
23 -17 15 4 8 215955192
24 -17 15 4 8 215955192
21 -18 15 4 8 215955192
22 -18 15 4 8 215955192
23 -18 15 4 8 215955192
24 -18 15 4 8 215955192
21 -19 15 4 8 215955192
22 -19 15 4 8 215955192
23 -19 15 4 8 215955192
24 -19 15 4 8 215955192
21 -20 15 4 8 215955192
22 -20 15 4 8 215955192
23 -20 15 4 8 215955192
24 -20 15 4 8 215955192
21 -21 15 4 8 215955192
22 -21 15 4 8 215955192
23 -21 15 4 8 215955192
24 -21 15 4 8 215955192
19 -22 15 4 8 215955192
20 -22 15 4 8 215955192
21 -22 15 4 8 215955192
22 -22 15 4 8 215955192
23 -22 15 4 8 215955192
24 -22 15 4 8 215955192
25 -17 11 4 8 215955192
25 -18 15 4 8 215955192
25 -19 15 4 8 215955192
25 -20 15 4 8 215955192
25 -21 15 4 8 215955192
26 -17 11 4 8 215955192
26 -18 15 4 8 215955192
26 -19 15 4 8 215955192
26 -20 15 4 8 215955192
34 -18 1 4 8 215963219
34 -16 8 4 8 215963199
33 -16 6 4 8 215963175
31 -16 9 4 8 215963069
30 -16 11 4 8 215962987
29 -16 11 4 8 215962960
28 -16 7 4 8 215962938
27 -17 11 4 8 215955192
28 -17 15 4 8 215955192
29 -17 15 4 8 215955192
30 -17 15 4 8 215955192
31 -17 15 4 8 215955192
32 -17 9 4 8 215955192
27 -18 15 4 8 215955192
28 -18 15 4 8 215955192
29 -18 15 4 8 215955192
30 -18 15 4 8 215955192
31 -18 15 4 8 215955192
32 -18 13 4 8 215955192
35 -19 8 4 8 215963254
34 -19 6 4 8 215963236
27 -19 15 4 8 215955192
28 -19 15 4 8 215955192
29 -19 15 4 8 215955192
30 -19 15 4 8 215955192
31 -19 15 4 8 215955192
32 -19 13 4 8 215955192
36 -20 0 4 8 215963286
27 -20 15 4 8 215955192
28 -20 15 4 8 215955192
29 -20 15 4 8 215955192
30 -20 15 4 8 215955192
31 -20 15 4 8 215955192
32 -20 13 4 8 215955192
26 -21 15 4 8 215955192
27 -21 15 4 8 215955192
37 -21 1 4 8 215963335
28 -21 15 4 8 215955192
29 -21 15 4 8 215955192
30 -21 15 4 8 215955192
31 -21 15 4 8 215955192
32 -21 13 4 8 215955192
25 -22 15 4 8 215955192
26 -22 15 4 8 215955192
27 -22 15 4 8 215955192
38 -22 9 4 8 215963382
37 -22 7 4 8 215963357
28 -22 15 4 8 215955192
29 -22 15 4 8 215955192
30 -22 15 4 8 215955192
31 -22 15 4 8 215955192
32 -22 13 4 8 215955192
18 -27 0 4 8 215966658
17 -26 12 4 8 215966625
17 -25 15 4 8 215965977
17 -28 8 4 8 215965857
18 -29 0 4 8 215965828
17 -24 15 4 8 215955192
17 -23 15 4 8 215955192
18 -25 14 4 8 215955192
18 -24 15 4 8 215955192
18 -23 15 4 8 215955192
19 -25 14 4 8 215955192
19 -24 15 4 8 215955192
19 -23 15 4 8 215955192
20 -30 6 4 8 215966712
20 -29 3 4 8 215966687
20 -27 2 4 8 215965732
20 -25 14 4 8 215965699
20 -24 15 4 8 215955192
20 -23 15 4 8 215955192
24 -30 4 4 8 215966962
24 -29 1 4 8 215966938
23 -27 11 4 8 215966914
22 -27 11 4 8 215966890
21 -27 15 4 8 215966864
21 -28 7 4 8 215966838
21 -29 13 4 8 215966788
21 -30 12 4 8 215966760
21 -25 15 4 8 215965640
21 -26 5 4 8 215965615
22 -28 14 4 8 215965561
23 -28 12 4 8 215965473
24 -27 8 4 8 215965453
25 -26 4 4 8 215965436
25 -25 15 4 8 215965415
25 -24 15 4 8 215965394
21 -24 15 4 8 215955192
21 -23 15 4 8 215955192
22 -25 14 4 8 215955192
22 -24 15 4 8 215955192
22 -23 15 4 8 215955192
23 -25 14 4 8 215955192
23 -24 15 4 8 215955192
23 -23 15 4 8 215955192
24 -25 14 4 8 215955192
24 -24 15 4 8 215955192
24 -23 15 4 8 215955192
25 -23 15 4 8 215955192
26 -31 2 4 8 215966991
26 -24 15 4 8 215965366
26 -25 14 4 8 215965313
26 -23 15 4 8 215955192
27 -29 3 4 8 215967142
27 -30 5 4 8 215967069
27 -31 12 4 8 215967043
27 -26 4 4 8 215965288
27 -25 15 4 8 215955192
27 -24 15 4 8 215955192
27 -23 15 4 8 215955192
36 -27 5 4 8 215968162
36 -28 5 4 8 215968136
36 -29 5 4 8 215968025
36 -30 5 4 8 215967989
36 -31 13 4 8 215967962
37 -32 8 4 8 215967920
36 -32 15 4 8 215967911
36 -33 4 4 8 215967858
35 -32 14 4 8 215967610
35 -31 11 4 8 215967582
34 -31 3 4 8 215967524
34 -32 14 4 8 215967420
33 -32 2 4 8 215967269
32 -31 8 4 8 215967252
31 -31 2 4 8 215967236
30 -30 8 4 8 215967225
29 -30 2 4 8 215967203
28 -29 8 4 8 215967194
36 -26 3 4 8 215963757
37 -26 8 4 8 215963753
35 -25 4 4 8 215963710
33 -24 8 4 8 215963679
31 -24 15 4 8 215963648
32 -24 15 4 8 215963537
35 -24 3 4 8 215963506
36 -24 10 4 8 215963486
37 -24 12 4 8 215963469
37 -23 7 4 8 215963447
38 -23 12 4 8 215963426
28 -25 14 4 8 215955192
28 -24 15 4 8 215955192
28 -23 15 4 8 215955192
29 -25 14 4 8 215955192
29 -24 15 4 8 215955192
29 -23 15 4 8 215955192
30 -25 14 4 8 215955192
30 -24 15 4 8 215955192
30 -23 15 4 8 215955192
31 -25 14 4 8 215955192
31 -23 15 4 8 215955192
32 -25 12 4 8 215955192
32 -23 13 4 8 215955192
m
0 2 1 3 -2657692 -716 -64655 -16777216
1 5 5 5 -11665564 -5351316 -8345973 -16777216
2 0 0 0 -10049832 -10 -5310523 -16678213
3 2 6 6 -4099484 -5287680 -11395840 -1268164
4 0 0 0 -8869276 -5332884 -16056321 0
5 1 0 3 -5985692 -4669378 -1694564352 -5716128
6 0 0 0 -3827587 -3556798 1358999428 -3559276
7 5 5 4 -6170480 -10835425 -237 -1
8 2 2 1 -3827334 -6435507 -122 -10469055
9 2 1 1 -13441361 -6391739 -1024 -16711936
10 0 0 0 -8869276 -5332884 -16056321 0
11 0 0 0 -8869276 -5332884 -16056321 0
12 0 0 0 -8869276 -5332884 -16056321 0
13 0 0 0 -8869276 -5332884 -16056321 0
14 0 0 0 -8869276 -5332884 -16056321 0
15 0 0 0 -8869276 -5332884 -16056321 0
16 0 0 0 -8869276 -5332884 -16056321 0
17 0 0 0 -8869276 -5332884 -16056321 0
18 0 0 0 -8869276 -5332884 -16056321 0
19 0 0 0 -8869276 -5332884 -16056321 0
20 0 0 0 -8869276 -5332884 -16056321 0
21 0 0 0 -8869276 -5332884 -16056321 0
22 0 0 0 -8869276 -5332884 -16056321 0
23 0 0 0 -8869276 -5332884 -16056321 0
24 0 0 0 -8869276 -5332884 -16056321 0
25 0 0 0 -8869276 -5332884 -16056321 0
26 0 0 0 -8869276 -5332884 -16056321 0
27 0 0 0 -8869276 -5332884 -16056321 0
28 0 0 0 -8869276 -5332884 -16056321 0
29 0 0 0 -8869276 -5332884 -16056321 0
30 0 0 0 -8869276 -5332884 -16056321 0
31 0 0 0 -8869276 -5332884 -16056321 0
32 0 0 0 -8869276 -5332884 -16056321 0
33 0 0 0 -8869276 -5332884 -16056321 0
34 0 0 0 -8869276 -5332884 -16056321 0
35 0 0 0 -8869276 -5332884 -16056321 0
36 0 0 0 -8869276 -5332884 -16056321 0
37 0 0 0 -8869276 -5332884 -16056321 0
38 0 0 0 -8869276 -5332884 -16056321 0
39 0 0 0 -8869276 -5332884 -16056321 0
40 0 0 0 -8869276 -5332884 -16056321 0
41 0 0 0 -8869276 -5332884 -16056321 0
42 0 0 0 -8869276 -5332884 -16056321 0
43 0 0 0 -8869276 -5332884 -16056321 0
44 0 0 0 -8869276 -5332884 -16056321 0
45 0 0 0 -8869276 -5332884 -16056321 0
46 0 0 0 -8869276 -5332884 -16056321 0
47 0 0 0 -8869276 -5332884 -16056321 0
48 0 0 0 -8869276 -5332884 -16056321 0
49 0 0 0 -8869276 -5332884 -16056321 0
50 0 0 0 -8869276 -5332884 -16056321 0
51 0 0 0 -8869276 -5332884 -16056321 0
52 0 0 0 -8869276 -5332884 -16056321 0
53 0 0 0 -8869276 -5332884 -16056321 0
54 0 0 0 -8869276 -5332884 -16056321 0
55 0 0 0 -8869276 -5332884 -16056321 0
56 0 0 0 -8869276 -5332884 -16056321 0
57 0 0 0 -8869276 -5332884 -16056321 0
58 0 0 0 -8869276 -5332884 -16056321 0
59 0 0 0 -8869276 -5332884 -16056321 0
60 0 0 0 -8869276 -5332884 -16056321 0
61 0 0 0 -8869276 -5332884 -16056321 0
62 0 0 0 -8869276 -5332884 -16056321 0
63 0 0 0 -8869276 -5332884 -16056321 0
64 0 0 0 -8869276 -5332884 -16056321 0
65 0 0 0 -8869276 -5332884 -16056321 0
66 0 0 0 -8869276 -5332884 -16056321 0
67 0 0 0 -8869276 -5332884 -16056321 0
68 0 0 0 -8869276 -5332884 -16056321 0
69 0 0 0 -8869276 -5332884 -16056321 0
70 0 0 0 -8869276 -5332884 -16056321 0
71 0 0 0 -8869276 -5332884 -16056321 0
72 0 0 0 -8869276 -5332884 -16056321 0
73 0 0 0 -8869276 -5332884 -16056321 0
74 0 0 0 -8869276 -5332884 -16056321 0
75 0 0 0 -8869276 -5332884 -16056321 0
76 0 0 0 -8869276 -5332884 -16056321 0
77 0 0 0 -8869276 -5332884 -16056321 0
78 0 0 0 -8869276 -5332884 -16056321 0
79 0 0 0 -8869276 -5332884 -16056321 0
80 0 0 0 -8869276 -5332884 -16056321 0
81 0 0 0 -8869276 -5332884 -16056321 0
82 0 0 0 -8869276 -5332884 -16056321 0
83 0 0 0 -8869276 -5332884 -16056321 0
84 0 0 0 -8869276 -5332884 -16056321 0
85 0 0 0 -8869276 -5332884 -16056321 0
86 0 0 0 -8869276 -5332884 -16056321 0
87 0 0 0 -8869276 -5332884 -16056321 0
88 0 0 0 -8869276 -5332884 -16056321 0
89 0 0 0 -8869276 -5332884 -16056321 0
90 0 0 0 -8869276 -5332884 -16056321 0
91 0 0 0 -8869276 -5332884 -16056321 0
92 0 0 0 -8869276 -5332884 -16056321 0
93 0 0 0 -8869276 -5332884 -16056321 0
94 0 0 0 -8869276 -5332884 -16056321 0
95 0 0 0 -8869276 -5332884 -16056321 0
96 0 0 0 -8869276 -5332884 -16056321 0
97 0 0 0 -8869276 -5332884 -16056321 0
98 0 0 0 -8869276 -5332884 -16056321 0
99 0 0 0 -8869276 -5332884 -16056321 0
100 0 0 0 -8869276 -5332884 -16056321 0
101 0 0 0 -8869276 -5332884 -16056321 0
102 0 0 0 -8869276 -5332884 -16056321 0
103 0 0 0 -8869276 -5332884 -16056321 0
104 0 0 0 -8869276 -5332884 -16056321 0
105 0 0 0 -8869276 -5332884 -16056321 0
106 0 0 0 -8869276 -5332884 -16056321 0
107 0 0 0 -8869276 -5332884 -16056321 0
108 0 0 0 -8869276 -5332884 -16056321 0
109 0 0 0 -8869276 -5332884 -16056321 0
110 0 0 0 -8869276 -5332884 -16056321 0
111 0 0 0 -8869276 -5332884 -16056321 0
112 0 0 0 -8869276 -5332884 -16056321 0
113 0 0 0 -8869276 -5332884 -16056321 0
114 0 0 0 -8869276 -5332884 -16056321 0
115 0 0 0 -8869276 -5332884 -16056321 0
116 0 0 0 -8869276 -5332884 -16056321 0
117 0 0 0 -8869276 -5332884 -16056321 0
118 0 0 0 -8869276 -5332884 -16056321 0
119 0 0 0 -8869276 -5332884 -16056321 0
120 0 0 0 -8869276 -5332884 -16056321 0
121 0 0 0 -8869276 -5332884 -16056321 0
122 0 0 0 -8869276 -5332884 -16056321 0
123 0 0 0 -8869276 -5332884 -16056321 0
124 0 0 0 -8869276 -5332884 -16056321 0
125 0 0 0 -8869276 -5332884 -16056321 0
126 0 0 0 -8869276 -5332884 -16056321 0
127 0 0 0 -8869276 -5332884 -16056321 0
128 0 0 0 -8869276 -5332884 -16056321 0
129 0 0 0 -8869276 -5332884 -16056321 0
130 0 0 0 -8869276 -5332884 -16056321 0
131 0 0 0 -8869276 -5332884 -16056321 0
132 0 0 0 -8869276 -5332884 -16056321 0
133 0 0 0 -8869276 -5332884 -16056321 0
134 0 0 0 -8869276 -5332884 -16056321 0
135 0 0 0 -8869276 -5332884 -16056321 0
136 0 0 0 -8869276 -5332884 -16056321 0
137 0 0 0 -8869276 -5332884 -16056321 0
138 0 0 0 -8869276 -5332884 -16056321 0
139 0 0 0 -8869276 -5332884 -16056321 0
140 0 0 0 -8869276 -5332884 -16056321 0
141 0 0 0 -8869276 -5332884 -16056321 0
142 0 0 0 -8869276 -5332884 -16056321 0
143 0 0 0 -8869276 -5332884 -16056321 0
144 0 0 0 -8869276 -5332884 -16056321 0
145 0 0 0 -8869276 -5332884 -16056321 0
146 0 0 0 -8869276 -5332884 -16056321 0
147 0 0 0 -8869276 -5332884 -16056321 0
148 0 0 0 -8869276 -5332884 -16056321 0
149 0 0 0 -8869276 -5332884 -16056321 0
150 0 0 0 -8869276 -5332884 -16056321 0
151 0 0 0 -8869276 -5332884 -16056321 0
152 0 0 0 -8869276 -5332884 -16056321 0
153 0 0 0 -8869276 -5332884 -16056321 0
154 0 0 0 -8869276 -5332884 -16056321 0
155 0 0 0 -8869276 -5332884 -16056321 0
156 0 0 0 -8869276 -5332884 -16056321 0
157 0 0 0 -8869276 -5332884 -16056321 0
158 0 0 0 -8869276 -5332884 -16056321 0
159 0 0 0 -8869276 -5332884 -16056321 0
160 0 0 0 -8869276 -5332884 -16056321 0
161 0 0 0 -8869276 -5332884 -16056321 0
162 0 0 0 -8869276 -5332884 -16056321 0
163 0 0 0 -8869276 -5332884 -16056321 0
164 0 0 0 -8869276 -5332884 -16056321 0
165 0 0 0 -8869276 -5332884 -16056321 0
166 0 0 0 -8869276 -5332884 -16056321 0
167 0 0 0 -8869276 -5332884 -16056321 0
168 0 0 0 -8869276 -5332884 -16056321 0
169 0 0 0 -8869276 -5332884 -16056321 0
170 0 0 0 -8869276 -5332884 -16056321 0
171 0 0 0 -8869276 -5332884 -16056321 0
172 0 0 0 -8869276 -5332884 -16056321 0
173 0 0 0 -8869276 -5332884 -16056321 0
174 0 0 0 -8869276 -5332884 -16056321 0
175 0 0 0 -8869276 -5332884 -16056321 0
176 0 0 0 -8869276 -5332884 -16056321 0
177 0 0 0 -8869276 -5332884 -16056321 0
178 0 0 0 -8869276 -5332884 -16056321 0
179 0 0 0 -8869276 -5332884 -16056321 0
180 0 0 0 -8869276 -5332884 -16056321 0
181 0 0 0 -8869276 -5332884 -16056321 0
182 0 0 0 -8869276 -5332884 -16056321 0
183 0 0 0 -8869276 -5332884 -16056321 0
184 0 0 0 -8869276 -5332884 -16056321 0
185 0 0 0 -8869276 -5332884 -16056321 0
186 0 0 0 -8869276 -5332884 -16056321 0
187 0 0 0 -8869276 -5332884 -16056321 0
188 0 0 0 -8869276 -5332884 -16056321 0
189 0 0 0 -8869276 -5332884 -16056321 0
190 0 0 0 -8869276 -5332884 -16056321 0
191 0 0 0 -8869276 -5332884 -16056321 0
192 0 0 0 -8869276 -5332884 -16056321 0
193 0 0 0 -8869276 -5332884 -16056321 0
194 0 0 0 -8869276 -5332884 -16056321 0
195 0 0 0 -8869276 -5332884 -16056321 0
196 0 0 0 -8869276 -5332884 -16056321 0
197 0 0 0 -8869276 -5332884 -16056321 0
198 0 0 0 -8869276 -5332884 -16056321 0
199 0 0 0 -8869276 -5332884 -16056321 0
200 0 0 0 -8869276 -5332884 -16056321 0
201 0 0 0 -8869276 -5332884 -16056321 0
202 0 0 0 -8869276 -5332884 -16056321 0
203 0 0 0 -8869276 -5332884 -16056321 0
204 0 0 0 -8869276 -5332884 -16056321 0
205 0 0 0 -8869276 -5332884 -16056321 0
206 0 0 0 -8869276 -5332884 -16056321 0
207 0 0 0 -8869276 -5332884 -16056321 0
208 0 0 0 -8869276 -5332884 -16056321 0
209 0 0 0 -8869276 -5332884 -16056321 0
210 0 0 0 -8869276 -5332884 -16056321 0
211 0 0 0 -8869276 -5332884 -16056321 0
212 0 0 0 -8869276 -5332884 -16056321 0
213 0 0 0 -8869276 -5332884 -16056321 0
214 0 0 0 -8869276 -5332884 -16056321 0
215 0 0 0 -8869276 -5332884 -16056321 0
216 0 0 0 -8869276 -5332884 -16056321 0
217 0 0 0 -8869276 -5332884 -16056321 0
218 0 0 0 -8869276 -5332884 -16056321 0
219 0 0 0 -8869276 -5332884 -16056321 0
220 0 0 0 -8869276 -5332884 -16056321 0
221 0 0 0 -8869276 -5332884 -16056321 0
222 0 0 0 -8869276 -5332884 -16056321 0
223 0 0 0 -8869276 -5332884 -16056321 0
224 0 0 0 -8869276 -5332884 -16056321 0
225 0 0 0 -8869276 -5332884 -16056321 0
226 0 0 0 -8869276 -5332884 -16056321 0
227 0 0 0 -8869276 -5332884 -16056321 0
228 0 0 0 -8869276 -5332884 -16056321 0
229 0 0 0 -8869276 -5332884 -16056321 0
230 0 0 0 -8869276 -5332884 -16056321 0
231 0 0 0 -8869276 -5332884 -16056321 0
232 0 0 0 -8869276 -5332884 -16056321 0
233 0 0 0 -8869276 -5332884 -16056321 0
234 0 0 0 -8869276 -5332884 -16056321 0
235 0 0 0 -8869276 -5332884 -16056321 0
236 0 0 0 -8869276 -5332884 -16056321 0
237 0 0 0 -8869276 -5332884 -16056321 0
238 0 0 0 -8869276 -5332884 -16056321 0
239 0 0 0 -8869276 -5332884 -16056321 0
240 0 0 0 -8869276 -5332884 -16056321 0
241 0 0 0 -8869276 -5332884 -16056321 0
242 0 0 0 -8869276 -5332884 -16056321 0
243 0 0 0 -8869276 -5332884 -16056321 0
244 0 0 0 -8869276 -5332884 -16056321 0
245 0 0 0 -8869276 -5332884 -16056321 0
246 0 0 0 -8869276 -5332884 -16056321 0
247 0 0 0 -8869276 -5332884 -16056321 0
248 0 0 0 -8869276 -5332884 -16056321 0
249 0 0 0 -8869276 -5332884 -16056321 0
250 0 0 0 -8869276 -5332884 -16056321 0
251 0 0 0 -8869276 -5332884 -16056321 0
252 0 0 0 -8869276 -5332884 -16056321 0
253 0 0 0 -8869276 -5332884 -16056321 0
254 0 0 0 -8869276 -5332884 -16056321 0
255 0 0 0 -8869276 -5332884 -16056321 0
256 0 0 0 -8869276 -5332884 -16056321 0
257 0 0 0 -8869276 -5332884 -16056321 0
258 0 0 0 -8869276 -5332884 -16056321 0
259 0 0 0 -8869276 -5332884 -16056321 0
260 0 0 0 -8869276 -5332884 -16056321 0
261 0 0 0 -8869276 -5332884 -16056321 0
262 0 0 0 -8869276 -5332884 -16056321 0
263 0 0 0 -8869276 -5332884 -16056321 0
264 0 0 0 -8869276 -5332884 -16056321 0
265 0 0 0 -8869276 -5332884 -16056321 0
266 0 0 0 -8869276 -5332884 -16056321 0
267 0 0 0 -8869276 -5332884 -16056321 0
268 0 0 0 -8869276 -5332884 -16056321 0
269 0 0 0 -8869276 -5332884 -16056321 0
270 0 0 0 -8869276 -5332884 -16056321 0
271 0 0 0 -8869276 -5332884 -16056321 0
272 0 0 0 -8869276 -5332884 -16056321 0
273 0 0 0 -8869276 -5332884 -16056321 0
274 0 0 0 -8869276 -5332884 -16056321 0
275 0 0 0 -8869276 -5332884 -16056321 0
276 0 0 0 -8869276 -5332884 -16056321 0
277 0 0 0 -8869276 -5332884 -16056321 0
278 0 0 0 -8869276 -5332884 -16056321 0
279 0 0 0 -8869276 -5332884 -16056321 0
280 0 0 0 -8869276 -5332884 -16056321 0
281 0 0 0 -8869276 -5332884 -16056321 0
282 0 0 0 -8869276 -5332884 -16056321 0
283 0 0 0 -8869276 -5332884 -16056321 0
284 0 0 0 -8869276 -5332884 -16056321 0
285 0 0 0 -8869276 -5332884 -16056321 0
286 0 0 0 -8869276 -5332884 -16056321 0
287 0 0 0 -8869276 -5332884 -16056321 0
288 0 0 0 -8869276 -5332884 -16056321 0
289 0 0 0 -8869276 -5332884 -16056321 0
290 0 0 0 -8869276 -5332884 -16056321 0
291 0 0 0 -8869276 -5332884 -16056321 0
292 0 0 0 -8869276 -5332884 -16056321 0
293 0 0 0 -8869276 -5332884 -16056321 0
294 0 0 0 -8869276 -5332884 -16056321 0
295 0 0 0 -8869276 -5332884 -16056321 0
296 0 0 0 -8869276 -5332884 -16056321 0
297 0 0 0 -8869276 -5332884 -16056321 0
298 0 0 0 -8869276 -5332884 -16056321 0
299 0 0 0 -8869276 -5332884 -16056321 0
300 0 0 0 -8869276 -5332884 -16056321 0
301 0 0 0 -8869276 -5332884 -16056321 0
302 0 0 0 -8869276 -5332884 -16056321 0
303 0 0 0 -8869276 -5332884 -16056321 0
304 0 0 0 -8869276 -5332884 -16056321 0
305 0 0 0 -8869276 -5332884 -16056321 0
306 0 0 0 -8869276 -5332884 -16056321 0
307 0 0 0 -8869276 -5332884 -16056321 0
308 0 0 0 -8869276 -5332884 -16056321 0
309 0 0 0 -8869276 -5332884 -16056321 0
310 0 0 0 -8869276 -5332884 -16056321 0
311 0 0 0 -8869276 -5332884 -16056321 0
312 0 0 0 -8869276 -5332884 -16056321 0
313 0 0 0 -8869276 -5332884 -16056321 0
314 0 0 0 -8869276 -5332884 -16056321 0
315 0 0 0 -8869276 -5332884 -16056321 0
316 0 0 0 -8869276 -5332884 -16056321 0
317 0 0 0 -8869276 -5332884 -16056321 0
318 0 0 0 -8869276 -5332884 -16056321 0
319 0 0 0 -8869276 -5332884 -16056321 0
320 0 0 0 -8869276 -5332884 -16056321 0
321 0 0 0 -8869276 -5332884 -16056321 0
322 0 0 0 -8869276 -5332884 -16056321 0
323 0 0 0 -8869276 -5332884 -16056321 0
324 0 0 0 -8869276 -5332884 -16056321 0
325 0 0 0 -8869276 -5332884 -16056321 0
326 0 0 0 -8869276 -5332884 -16056321 0
327 0 0 0 -8869276 -5332884 -16056321 0
328 0 0 0 -8869276 -5332884 -16056321 0
329 0 0 0 -8869276 -5332884 -16056321 0
330 0 0 0 -8869276 -5332884 -16056321 0
331 0 0 0 -8869276 -5332884 -16056321 0
332 0 0 0 -8869276 -5332884 -16056321 0
333 0 0 0 -8869276 -5332884 -16056321 0
334 0 0 0 -8869276 -5332884 -16056321 0
335 0 0 0 -8869276 -5332884 -16056321 0
336 0 0 0 -8869276 -5332884 -16056321 0
337 0 0 0 -8869276 -5332884 -16056321 0
338 0 0 0 -8869276 -5332884 -16056321 0
339 0 0 0 -8869276 -5332884 -16056321 0
340 0 0 0 -8869276 -5332884 -16056321 0
341 0 0 0 -8869276 -5332884 -16056321 0
342 0 0 0 -8869276 -5332884 -16056321 0
343 0 0 0 -8869276 -5332884 -16056321 0
344 0 0 0 -8869276 -5332884 -16056321 0
345 0 0 0 -8869276 -5332884 -16056321 0
346 0 0 0 -8869276 -5332884 -16056321 0
347 0 0 0 -8869276 -5332884 -16056321 0
348 0 0 0 -8869276 -5332884 -16056321 0
349 0 0 0 -8869276 -5332884 -16056321 0
350 0 0 0 -8869276 -5332884 -16056321 0
351 0 0 0 -8869276 -5332884 -16056321 0
352 0 0 0 -8869276 -5332884 -16056321 0
353 0 0 0 -8869276 -5332884 -16056321 0
354 0 0 0 -8869276 -5332884 -16056321 0
355 0 0 0 -8869276 -5332884 -16056321 0
356 0 0 0 -8869276 -5332884 -16056321 0
357 0 0 0 -8869276 -5332884 -16056321 0
358 0 0 0 -8869276 -5332884 -16056321 0
359 0 0 0 -8869276 -5332884 -16056321 0
360 0 0 0 -8869276 -5332884 -16056321 0
361 0 0 0 -8869276 -5332884 -16056321 0
362 0 0 0 -8869276 -5332884 -16056321 0
363 0 0 0 -8869276 -5332884 -16056321 0
364 0 0 0 -8869276 -5332884 -16056321 0
365 0 0 0 -8869276 -5332884 -16056321 0
366 0 0 0 -8869276 -5332884 -16056321 0
367 0 0 0 -8869276 -5332884 -16056321 0
368 0 0 0 -8869276 -5332884 -16056321 0
369 0 0 0 -8869276 -5332884 -16056321 0
370 0 0 0 -8869276 -5332884 -16056321 0
371 0 0 0 -8869276 -5332884 -16056321 0
372 0 0 0 -8869276 -5332884 -16056321 0
373 0 0 0 -8869276 -5332884 -16056321 0
374 0 0 0 -8869276 -5332884 -16056321 0
375 0 0 0 -8869276 -5332884 -16056321 0
376 0 0 0 -8869276 -5332884 -16056321 0
377 0 0 0 -8869276 -5332884 -16056321 0
378 0 0 0 -8869276 -5332884 -16056321 0
379 0 0 0 -8869276 -5332884 -16056321 0
380 0 0 0 -8869276 -5332884 -16056321 0
381 0 0 0 -8869276 -5332884 -16056321 0
382 0 0 0 -8869276 -5332884 -16056321 0
383 0 0 0 -8869276 -5332884 -16056321 0
384 0 0 0 -8869276 -5332884 -16056321 0
385 0 0 0 -8869276 -5332884 -16056321 0
386 0 0 0 -8869276 -5332884 -16056321 0
387 0 0 0 -8869276 -5332884 -16056321 0
388 0 0 0 -8869276 -5332884 -16056321 0
389 0 0 0 -8869276 -5332884 -16056321 0
390 0 0 0 -8869276 -5332884 -16056321 0
391 0 0 0 -8869276 -5332884 -16056321 0
392 0 0 0 -8869276 -5332884 -16056321 0
393 0 0 0 -8869276 -5332884 -16056321 0
394 0 0 0 -8869276 -5332884 -16056321 0
395 0 0 0 -8869276 -5332884 -16056321 0
396 0 0 0 -8869276 -5332884 -16056321 0
397 0 0 0 -8869276 -5332884 -16056321 0
398 0 0 0 -8869276 -5332884 -16056321 0
399 0 0 0 -8869276 -5332884 -16056321 0
a
